Time,Tier,Annotation
6682,Gaze@CHI,glass
6682,Facial@MOT,invisible
6682,Gaze@MOT,invisible
6682,Action@CHI,holding the glass and a yellow ball
6683,Gaze@CHI,glass
6683,Facial@MOT,invisible
6683,Gaze@MOT,invisible
6683,Action@CHI,holding the glass and a yellow ball
6684,Gaze@CHI,glass
6684,Facial@MOT,invisible
6684,Gaze@MOT,invisible
6684,Action@CHI,holding the glass and a yellow ball
6685,Gaze@CHI,glass
6685,Facial@MOT,invisible
6685,Gaze@MOT,invisible
6685,Action@CHI,holding the glass and a yellow ball
6686,Gaze@CHI,glass
6686,Facial@MOT,invisible
6686,Gaze@MOT,invisible
6686,Action@CHI,holding the glass and a yellow ball
6687,Gaze@CHI,glass
6687,Facial@MOT,invisible
6687,Gaze@MOT,invisible
6687,Action@CHI,holding the glass and a yellow ball
6688,Gaze@CHI,glass
6688,Facial@MOT,invisible
6688,Gaze@MOT,invisible
6688,Action@CHI,holding the glass and a yellow ball
6689,Gaze@CHI,glass
6689,Facial@MOT,invisible
6689,Gaze@MOT,invisible
6689,Action@CHI,holding the glass and a yellow ball
6690,Gaze@CHI,glass
6690,Facial@MOT,invisible
6690,Gaze@MOT,invisible
6690,Action@CHI,holding the glass and a yellow ball
6691,Gaze@CHI,glass
6691,Facial@MOT,invisible
6691,Gaze@MOT,invisible
6691,Action@CHI,holding the glass and a yellow ball
6692,Gaze@CHI,glass
6692,Facial@MOT,invisible
6692,Gaze@MOT,invisible
6692,Action@CHI,holding the glass and a yellow ball
6693,Gaze@CHI,glass
6693,Facial@MOT,invisible
6693,Gaze@MOT,invisible
6693,Action@CHI,holding the glass and a yellow ball
6694,Gaze@CHI,glass
6694,Facial@MOT,invisible
6694,Gaze@MOT,invisible
6694,Action@CHI,holding the glass and a yellow ball
6695,Gaze@CHI,glass
6695,Facial@MOT,invisible
6695,Gaze@MOT,invisible
6695,Action@CHI,holding the glass and a yellow ball
6696,Gaze@CHI,glass
6696,Facial@MOT,invisible
6696,Gaze@MOT,invisible
6696,Action@CHI,holding the glass and a yellow ball
6697,Gaze@CHI,glass
6697,Facial@MOT,invisible
6697,Gaze@MOT,invisible
6697,Action@CHI,holding the glass and a yellow ball
6698,Gaze@CHI,glass
6698,Facial@MOT,invisible
6698,Gaze@MOT,invisible
6698,Action@CHI,holding the glass and a yellow ball
6699,Gaze@CHI,glass
6699,Facial@MOT,invisible
6699,Gaze@MOT,invisible
6699,Action@CHI,holding the glass and a yellow ball
6700,Gaze@CHI,glass
6700,Facial@MOT,invisible
6700,Gaze@MOT,invisible
6700,Action@CHI,holding the glass and a yellow ball
6701,Gaze@CHI,glass
6701,Facial@MOT,invisible
6701,Gaze@MOT,invisible
6701,Action@CHI,holding the glass and a yellow ball
6702,Gaze@CHI,glass
6702,Facial@MOT,invisible
6702,Gaze@MOT,invisible
6702,Action@CHI,holding the glass and a yellow ball
6703,Gaze@CHI,glass
6703,Facial@MOT,invisible
6703,Gaze@MOT,invisible
6703,Action@CHI,holding the glass and a yellow ball
6704,Gaze@CHI,glass
6704,Facial@MOT,invisible
6704,Gaze@MOT,invisible
6704,Action@CHI,holding the glass and a yellow ball
6705,Gaze@CHI,glass
6705,Facial@MOT,invisible
6705,Gaze@MOT,invisible
6705,Action@CHI,holding the glass and a yellow ball
6706,Gaze@CHI,glass
6706,Facial@MOT,invisible
6706,Gaze@MOT,invisible
6706,Action@CHI,holding the glass and a yellow ball
6707,Gaze@CHI,glass
6707,Facial@MOT,invisible
6707,Gaze@MOT,invisible
6707,Action@CHI,holding the glass and a yellow ball
6708,Gaze@CHI,glass
6708,Facial@MOT,invisible
6708,Gaze@MOT,invisible
6708,Action@CHI,holding the glass and a yellow ball
6709,Gaze@CHI,glass
6709,Facial@MOT,invisible
6709,Gaze@MOT,invisible
6709,Action@CHI,holding the glass and a yellow ball
6710,Gaze@CHI,glass
6710,Facial@MOT,invisible
6710,Gaze@MOT,invisible
6710,Action@CHI,holding the glass and a yellow ball
6711,Gaze@CHI,mom's hand
6711,Facial@MOT,invisible
6711,Utterance@MOT,Can I please have a ball?
6711,Prosody@MOT,rising
6711,Gaze@MOT,invisible
6711,Action@CHI,holding the glass and a yellow ball
6711,Action@MOT,extending a hand
6712,Gaze@CHI,mom's hand
6712,Facial@MOT,invisible
6712,Utterance@MOT,Can I please have a ball?
6712,Prosody@MOT,rising
6712,Gaze@MOT,invisible
6712,Action@CHI,holding the glass and a yellow ball
6712,Action@MOT,extending a hand
6713,Gaze@CHI,mom's hand
6713,Facial@MOT,invisible
6713,Utterance@MOT,Can I please have a ball?
6713,Prosody@MOT,rising
6713,Gaze@MOT,invisible
6713,Action@CHI,holding the glass and a yellow ball
6713,Action@MOT,extending a hand
6714,Gaze@CHI,mom's hand
6714,Facial@MOT,invisible
6714,Utterance@MOT,Can I please have a ball?
6714,Prosody@MOT,rising
6714,Gaze@MOT,invisible
6714,Action@CHI,holding the glass and a yellow ball
6714,Action@MOT,extending a hand
6715,Gaze@CHI,mom's hand
6715,Facial@MOT,invisible
6715,Utterance@MOT,Can I please have a ball?
6715,Prosody@MOT,rising
6715,Gaze@MOT,invisible
6715,Action@CHI,holding the glass and a yellow ball
6715,Action@MOT,extending a hand
6716,Gaze@CHI,mom's hand
6716,Facial@MOT,invisible
6716,Utterance@MOT,Can I please have a ball?
6716,Prosody@MOT,rising
6716,Gaze@MOT,invisible
6716,Action@CHI,holding the glass and a yellow ball
6716,Action@MOT,extending a hand
6717,Gaze@CHI,mom's hand
6717,Facial@MOT,invisible
6717,Utterance@MOT,Can I please have a ball?
6717,Prosody@MOT,rising
6717,Gaze@MOT,invisible
6717,Action@CHI,holding the glass and a yellow ball
6717,Action@MOT,extending a hand
6718,Gaze@CHI,mom's hand
6718,Facial@MOT,invisible
6718,Utterance@MOT,Can I please have a ball?
6718,Prosody@MOT,rising
6718,Gaze@MOT,invisible
6718,Action@CHI,holding the glass and a yellow ball
6718,Action@MOT,extending a hand
6719,Gaze@CHI,mom's hand
6719,Facial@MOT,invisible
6719,Utterance@MOT,Can I please have a ball?
6719,Prosody@MOT,rising
6719,Gaze@MOT,invisible
6719,Action@CHI,holding the glass and a yellow ball
6719,Action@MOT,extending a hand
6720,Gaze@CHI,mom's hand
6720,Facial@MOT,invisible
6720,Gaze@MOT,invisible
6720,Action@CHI,holding the glass and a yellow ball
6720,Action@MOT,extending a hand
6721,Gaze@CHI,mom's hand
6721,Facial@MOT,invisible
6721,Gaze@MOT,invisible
6721,Action@CHI,holding the glass and a yellow ball
6721,Action@MOT,extending a hand
6722,Gaze@CHI,mom's hand
6722,Facial@MOT,invisible
6722,Gaze@MOT,invisible
6722,Action@CHI,holding the glass and a yellow ball
6722,Action@MOT,extending a hand
6723,Gaze@CHI,mom's hand
6723,Facial@MOT,invisible
6723,Gaze@MOT,invisible
6723,Action@CHI,holding the glass and a yellow ball
6723,Action@MOT,extending a hand
6724,Gaze@CHI,mom's hand
6724,Facial@MOT,invisible
6724,Gaze@MOT,invisible
6724,Action@CHI,holding the glass and a yellow ball
6724,Action@MOT,extending a hand
6725,Gaze@CHI,mom's hand
6725,Facial@MOT,invisible
6725,Gaze@MOT,invisible
6725,Action@CHI,holding the glass and a yellow ball
6725,Action@MOT,extending a hand
6726,Gaze@CHI,mom's hand
6726,Facial@MOT,invisible
6726,Gaze@MOT,invisible
6726,Action@CHI,holding the glass and a yellow ball
6726,Action@MOT,extending a hand
6727,Gaze@CHI,mom's hand
6727,Facial@MOT,invisible
6727,Gaze@MOT,invisible
6727,Action@CHI,holding the glass and a yellow ball
6727,Action@MOT,extending a hand
6728,Gaze@CHI,mom's hand
6728,Facial@MOT,invisible
6728,Gaze@MOT,invisible
6728,Action@CHI,holding the glass and a yellow ball
6728,Action@MOT,extending a hand
6729,Gaze@CHI,mom's hand
6729,Facial@MOT,invisible
6729,Gaze@MOT,invisible
6729,Action@CHI,holding the glass and a yellow ball
6729,Action@MOT,extending a hand
6730,Gaze@CHI,mom's hand
6730,Facial@MOT,invisible
6730,Gaze@MOT,invisible
6730,Action@CHI,holding the glass and a yellow ball
6730,Action@MOT,extending a hand
6731,Gaze@CHI,mom's hand
6731,Facial@MOT,invisible
6731,Gaze@MOT,invisible
6731,Action@CHI,holding the glass and a yellow ball
6731,Action@MOT,picking up the ball
6732,Gaze@CHI,mom's hand
6732,Facial@MOT,invisible
6732,Gaze@MOT,invisible
6732,Action@CHI,dropping the glass
6732,Action@MOT,picking up the ball
6733,Gaze@CHI,mom's hand
6733,Facial@MOT,invisible
6733,Gaze@MOT,invisible
6733,Action@CHI,dropping the glass
6733,Action@MOT,picking up the ball
6734,Gaze@CHI,mom's hand
6734,Facial@MOT,invisible
6734,Gaze@MOT,invisible
6734,Action@CHI,dropping the glass
6734,Action@MOT,picking up the ball
6735,Gaze@CHI,mom's hand
6735,Facial@MOT,invisible
6735,Gaze@MOT,invisible
6735,Action@CHI,dropping the glass
6735,Action@MOT,picking up the ball
6736,Gaze@CHI,mom's hand
6736,Facial@MOT,invisible
6736,Gaze@MOT,invisible
6736,Action@CHI,dropping the glass
6736,Action@MOT,picking up the ball
6737,Gaze@CHI,mom's hand
6737,Facial@MOT,invisible
6737,Gaze@MOT,invisible
6737,Action@CHI,dropping the glass
6737,Action@MOT,picking up the ball
6738,Gaze@CHI,mom's hand
6738,Facial@MOT,invisible
6738,Gaze@MOT,invisible
6738,Action@CHI,dropping the glass
6738,Action@MOT,picking up the ball
6739,Gaze@CHI,mom's hand
6739,Facial@MOT,invisible
6739,Gaze@MOT,invisible
6739,Action@CHI,dropping the glass
6739,Action@MOT,picking up the ball
6740,Gaze@CHI,mom's hand
6740,Facial@MOT,invisible
6740,Gaze@MOT,invisible
6740,Action@CHI,dropping the glass
6740,Action@MOT,picking up the ball
6741,Gaze@CHI,mom's hand
6741,Facial@MOT,invisible
6741,Gaze@MOT,invisible
6741,Action@CHI,dropping the glass
6741,Action@MOT,picking up the ball
6742,Gaze@CHI,mom's hand
6742,Facial@MOT,invisible
6742,Gaze@MOT,invisible
6742,Action@CHI,dropping the glass
6742,Action@MOT,picking up the ball
6743,Gaze@CHI,mom's hand
6743,Facial@MOT,invisible
6743,Gaze@MOT,invisible
6743,Action@MOT,picking up the ball
6744,Gaze@CHI,mom's hand
6744,Facial@MOT,invisible
6744,Utterance@MOT,I take this one.
6744,Prosody@MOT,falling
6744,Gaze@MOT,invisible
6744,Action@MOT,picking up the ball
6745,Gaze@CHI,mom's hand
6745,Facial@MOT,invisible
6745,Utterance@MOT,I take this one.
6745,Prosody@MOT,falling
6745,Gaze@MOT,invisible
6745,Action@MOT,picking up the ball
6746,Gaze@CHI,mom's hand
6746,Facial@MOT,invisible
6746,Utterance@MOT,I take this one.
6746,Prosody@MOT,falling
6746,Gaze@MOT,invisible
6746,Action@MOT,picking up the ball
6747,Gaze@CHI,mom's hand
6747,Facial@MOT,invisible
6747,Utterance@MOT,I take this one.
6747,Prosody@MOT,falling
6747,Gaze@MOT,invisible
6747,Action@MOT,tossing the ball
6748,Gaze@CHI,mom's hand
6748,Facial@MOT,invisible
6748,Utterance@MOT,I take this one.
6748,Prosody@MOT,falling
6748,Gaze@MOT,invisible
6748,Action@MOT,tossing the ball
6749,Gaze@CHI,mom's hand
6749,Facial@MOT,invisible
6749,Gaze@MOT,invisible
6749,Action@MOT,tossing the ball
6750,Gaze@CHI,mom's hand
6750,Facial@MOT,invisible
6750,Gaze@MOT,invisible
6750,Action@MOT,tossing the ball
6751,Gaze@CHI,mom's hand
6751,Facial@MOT,invisible
6751,Gaze@MOT,invisible
6751,Action@MOT,tossing the ball
6752,Gaze@CHI,mom's hand
6752,Facial@MOT,invisible
6752,Gaze@MOT,invisible
6752,Action@MOT,tossing the ball
6753,Gaze@CHI,mom's hand
6753,Facial@MOT,invisible
6753,Gaze@MOT,invisible
6753,Action@MOT,tossing the ball
6754,Gaze@CHI,mom's hand
6754,Facial@MOT,invisible
6754,Gaze@MOT,invisible
6754,Action@MOT,tossing the ball
6755,Gaze@CHI,mom's hand
6755,Facial@MOT,invisible
6755,Utterance@MOT,Ready?
6755,Prosody@MOT,rising
6755,Gaze@MOT,invisible
6755,Action@MOT,tossing the ball
6756,Gaze@CHI,mom's hand
6756,Facial@MOT,invisible
6756,Utterance@MOT,Ready?
6756,Prosody@MOT,rising
6756,Gaze@MOT,invisible
6756,Action@MOT,tossing the ball
6757,Gaze@CHI,mom's hand
6757,Facial@MOT,invisible
6757,Utterance@MOT,Ready?
6757,Prosody@MOT,rising
6757,Gaze@MOT,invisible
6757,Action@MOT,tossing the ball
6758,Gaze@CHI,mom's hand
6758,Facial@MOT,invisible
6758,Gaze@MOT,invisible
6758,Action@MOT,tossing the ball
6759,Gaze@CHI,mom's hand
6759,Facial@MOT,invisible
6759,Gaze@MOT,invisible
6759,Action@MOT,tossing the ball
6760,Gaze@CHI,mom
6760,Facial@MOT,neutral
6760,Utterance@CHI,excited breathing
6760,Gaze@MOT,child
6760,Action@MOT,tossing the ball
6760,Arousal@CHI,middle
6761,Gaze@CHI,mom
6761,Facial@MOT,neutral
6761,Utterance@CHI,excited breathing
6761,Gaze@MOT,child
6761,Action@MOT,tossing the ball
6761,Arousal@CHI,middle
6762,Gaze@CHI,mom
6762,Facial@MOT,neutral
6762,Utterance@CHI,excited breathing
6762,Gaze@MOT,child
6762,Action@MOT,tossing the ball
6762,Arousal@CHI,middle
6763,Gaze@CHI,mom
6763,Facial@MOT,neutral
6763,Utterance@CHI,excited breathing
6763,Gaze@MOT,into the distance
6763,Action@MOT,tossing the ball
6763,Arousal@CHI,middle
6764,Gaze@CHI,mom
6764,Facial@MOT,neutral
6764,Utterance@CHI,excited breathing
6764,Gaze@MOT,into the distance
6764,Action@CHI,nodding
6764,Action@MOT,putting the ball in mouth
6764,Arousal@CHI,middle
6765,Gaze@CHI,mom
6765,Facial@MOT,neutral
6765,Utterance@CHI,excited breathing
6765,Gaze@MOT,into the distance
6765,Action@CHI,nodding
6765,Action@MOT,putting the ball in mouth
6765,Arousal@CHI,middle
6766,Gaze@CHI,mom
6766,Facial@MOT,neutral
6766,Utterance@CHI,excited breathing
6766,Gaze@MOT,into the distance
6766,Action@CHI,nodding
6766,Action@MOT,putting the ball in mouth
6766,Arousal@CHI,middle
6767,Gaze@CHI,mom
6767,Facial@MOT,neutral
6767,Utterance@CHI,excited breathing
6767,Gaze@MOT,into the distance
6767,Action@CHI,nodding
6767,Action@MOT,putting the ball in mouth
6767,Arousal@CHI,middle
6768,Gaze@CHI,mom
6768,Facial@MOT,neutral
6768,Utterance@CHI,excited breathing
6768,Gaze@MOT,into the distance
6768,Action@CHI,nodding
6768,Action@MOT,putting the ball in mouth
6768,Arousal@CHI,middle
6769,Gaze@CHI,mom
6769,Facial@MOT,neutral
6769,Utterance@CHI,excited breathing
6769,Gaze@MOT,into the distance
6769,Action@CHI,nodding
6769,Action@MOT,putting the ball in mouth
6769,Arousal@CHI,middle
6770,Gaze@CHI,mom
6770,Facial@MOT,neutral
6770,Utterance@CHI,excited breathing
6770,Gaze@MOT,into the distance
6770,Action@CHI,nodding
6770,Action@MOT,putting the ball in mouth
6770,Arousal@CHI,middle
6771,Gaze@CHI,mom
6771,Facial@MOT,neutral
6771,Utterance@CHI,excited breathing
6771,Gaze@MOT,into the distance
6771,Action@CHI,nodding
6771,Action@MOT,putting the ball in mouth
6771,Arousal@CHI,middle
6772,Gaze@CHI,mom
6772,Facial@MOT,neutral
6772,Utterance@CHI,excited breathing
6772,Gaze@MOT,into the distance
6772,Action@CHI,nodding
6772,Action@MOT,putting the ball in mouth
6772,Arousal@CHI,middle
6773,Gaze@CHI,mom
6773,Facial@MOT,neutral
6773,Utterance@CHI,excited breathing
6773,Gaze@MOT,into the distance
6773,Action@CHI,nodding
6773,Action@MOT,putting the ball in mouth
6773,Arousal@CHI,middle
6774,Gaze@CHI,mom
6774,Facial@MOT,neutral
6774,Utterance@CHI,excited breathing
6774,Gaze@MOT,child
6774,Action@CHI,nodding
6774,Action@MOT,putting the ball in mouth
6774,Arousal@CHI,middle
6775,Gaze@CHI,mom
6775,Facial@MOT,neutral
6775,Utterance@CHI,excited breathing
6775,Gaze@MOT,child
6775,Action@CHI,nodding
6775,Action@MOT,putting the ball in mouth
6775,Arousal@CHI,middle
6776,Gaze@CHI,mom
6776,Facial@MOT,neutral
6776,Utterance@CHI,excited breathing
6776,Gaze@MOT,child
6776,Action@CHI,nodding
6776,Action@MOT,putting the ball in mouth
6776,Arousal@CHI,middle
6777,Gaze@CHI,mom
6777,Facial@MOT,neutral
6777,Utterance@CHI,excited breathing
6777,Gaze@MOT,child
6777,Action@CHI,nodding
6777,Action@MOT,holding the ball in mouth
6777,Arousal@CHI,middle
6778,Gaze@CHI,mom
6778,Facial@MOT,neutral
6778,Utterance@CHI,excited breathing
6778,Gaze@MOT,child
6778,Action@CHI,nodding
6778,Action@MOT,holding the ball in mouth
6778,Arousal@CHI,middle
6779,Gaze@CHI,mom
6779,Facial@MOT,neutral
6779,Utterance@CHI,excited breathing
6779,Gaze@MOT,child
6779,Action@CHI,nodding
6779,Action@MOT,holding the ball in mouth
6779,Arousal@CHI,middle
6780,Gaze@CHI,mom
6780,Facial@MOT,neutral
6780,Utterance@CHI,excited breathing
6780,Gaze@MOT,child
6780,Action@CHI,nodding
6780,Action@MOT,holding the ball in mouth
6780,Arousal@CHI,middle
6781,Gaze@CHI,mom
6781,Facial@MOT,neutral
6781,Utterance@CHI,excited breathing
6781,Gaze@MOT,child
6781,Action@CHI,nodding
6781,Action@MOT,holding the ball in mouth
6781,Arousal@CHI,middle
6782,Gaze@CHI,mom
6782,Facial@MOT,neutral
6782,Utterance@CHI,excited breathing
6782,Gaze@MOT,child
6782,Action@CHI,nodding
6782,Action@MOT,holding the ball in mouth
6782,Laughable@CHI,mom spits the ball out of the mouth
6782,Arousal@CHI,middle
6783,Gaze@CHI,mom
6783,Facial@MOT,neutral
6783,Utterance@CHI,excited breathing
6783,Gaze@MOT,child
6783,Action@CHI,nodding
6783,Action@MOT,holding the ball in mouth
6783,Laughable@CHI,mom spits the ball out of the mouth
6783,Arousal@CHI,middle
6784,Gaze@CHI,mom
6784,Facial@MOT,neutral
6784,Utterance@CHI,excited breathing
6784,Gaze@MOT,child
6784,Action@CHI,nodding
6784,Action@MOT,holding the ball in mouth
6784,Laughable@CHI,mom spits the ball out of the mouth
6784,Arousal@CHI,middle
6785,Gaze@CHI,mom
6785,Facial@MOT,neutral
6785,Utterance@CHI,excited breathing
6785,Gaze@MOT,child
6785,Action@CHI,nodding
6785,Action@MOT,spitting out the ball
6785,Laughable@CHI,mom spits the ball out of the mouth
6785,Arousal@CHI,middle
6786,Gaze@CHI,mom
6786,Utterance@CHI,uh-huh
6786,Prosody@CHI,falling
6786,Gaze@MOT,child
6786,Action@CHI,nodding
6786,Action@MOT,spitting out the ball
6786,Laughable@CHI,mom spits the ball out of the mouth
6786,Arousal@CHI,middle
6787,Gaze@CHI,mom
6787,Utterance@CHI,uh-huh
6787,Prosody@CHI,falling
6787,Gaze@MOT,child
6787,Action@CHI,nodding
6787,Action@MOT,spitting out the ball
6787,Laughable@CHI,mom spits the ball out of the mouth
6787,Arousal@CHI,middle
6788,Gaze@CHI,mom
6788,Utterance@CHI,uh-huh
6788,Prosody@CHI,falling
6788,Gaze@MOT,child
6788,Action@CHI,nodding
6788,Action@MOT,spitting out the ball
6788,Laughable@CHI,mom spits the ball out of the mouth
6788,Arousal@CHI,middle
6789,Gaze@CHI,mom
6789,Utterance@CHI,uh-huh
6789,Prosody@CHI,falling
6789,Gaze@MOT,child
6789,Action@CHI,nodding
6789,Action@MOT,spitting out the ball
6790,Gaze@CHI,mom
6790,Facial@MOT,smile showing teeth
6790,Utterance@CHI,uh-huh
6790,Prosody@CHI,falling
6790,Gaze@MOT,child
6790,Action@CHI,nodding
6790,Action@MOT,spitting out the ball
6791,Gaze@CHI,mom
6791,Facial@MOT,smile showing teeth
6791,Utterance@CHI,uh-huh
6791,Prosody@CHI,falling
6791,Gaze@MOT,child
6791,Action@CHI,nodding
6791,Action@MOT,picking up the ball
6792,Gaze@CHI,mom
6792,Facial@MOT,smile showing teeth
6792,Utterance@CHI,uh-huh
6792,Prosody@CHI,falling
6792,Gaze@MOT,ball
6792,Action@MOT,picking up the ball
6793,Gaze@CHI,mom
6793,Facial@MOT,smile showing teeth
6793,Utterance@CHI,uh-huh
6793,Prosody@CHI,falling
6793,Gaze@MOT,ball
6793,Action@MOT,picking up the ball
6794,Gaze@CHI,mom
6794,Facial@MOT,smile showing teeth
6794,Utterance@CHI,uh-huh
6794,Prosody@CHI,falling
6794,Gaze@MOT,ball
6794,Action@MOT,picking up the ball
6795,Gaze@CHI,mom
6795,Facial@MOT,smile showing teeth
6795,Gaze@MOT,ball
6795,Action@MOT,picking up the ball
6796,Gaze@CHI,mom
6796,Facial@MOT,smile showing teeth
6796,Gaze@MOT,ball
6796,Action@MOT,picking up the ball
6796,Laughter@CHI,L
6796,Arousal@CHI,low
6796,ReactionReason@CHI,Violation of object schemas
6797,Gaze@CHI,mom
6797,Facial@MOT,smile showing teeth
6797,Gaze@MOT,ball
6797,Action@MOT,picking up the ball
6797,Laughter@CHI,L
6797,Arousal@CHI,low
6797,ReactionReason@CHI,Violation of object schemas
6798,Gaze@CHI,mom
6798,Facial@MOT,smile showing teeth
6798,Gaze@MOT,ball
6798,Action@MOT,picking up the ball
6798,Laughter@CHI,L
6798,Arousal@CHI,low
6798,ReactionReason@CHI,Violation of object schemas
6799,Gaze@CHI,mom
6799,Facial@MOT,smile showing teeth
6799,Gaze@MOT,ball
6799,Action@MOT,picking up the ball
6799,Laughter@CHI,L
6799,Arousal@CHI,low
6799,ReactionReason@CHI,Violation of object schemas
6800,Gaze@CHI,mom
6800,Facial@MOT,smile showing teeth
6800,Gaze@MOT,ball
6800,Action@MOT,picking up the ball
6800,Laughter@CHI,L
6800,Arousal@CHI,low
6800,ReactionReason@CHI,Violation of object schemas
6801,Gaze@CHI,ball
6801,Facial@MOT,smile showing teeth
6801,Gaze@MOT,ball
6801,Action@MOT,picking up the ball
6801,Laughter@CHI,L
6801,Arousal@CHI,low
6801,ReactionReason@CHI,Violation of object schemas
6802,Gaze@CHI,ball
6802,Facial@MOT,smile showing teeth
6802,Gaze@MOT,ball
6802,Action@MOT,picking up the ball
6802,Laughter@CHI,L
6802,Arousal@CHI,low
6802,ReactionReason@CHI,Violation of object schemas
6803,Gaze@CHI,ball
6803,Facial@MOT,invisible
6803,Gaze@MOT,ball
6803,Action@MOT,picking up the ball
6803,Laughter@CHI,L
6803,Arousal@CHI,low
6803,ReactionReason@CHI,Violation of object schemas
6804,Gaze@CHI,ball
6804,Facial@MOT,invisible
6804,Gaze@MOT,ball
6804,Action@MOT,picking up the ball
6804,Laughter@CHI,L
6804,Arousal@CHI,low
6804,ReactionReason@CHI,Violation of object schemas
6805,Gaze@CHI,ball
6805,Facial@MOT,invisible
6805,Gaze@MOT,ball
6805,Action@MOT,picking up the ball
6805,Laughter@CHI,L
6805,Arousal@CHI,low
6805,ReactionReason@CHI,Violation of object schemas
6806,Gaze@CHI,floor
6806,Facial@MOT,invisible
6806,Gaze@MOT,ball
6806,Action@MOT,picking up the ball
6807,Gaze@CHI,floor
6807,Facial@MOT,invisible
6807,Gaze@MOT,ball
6807,Action@MOT,picking up the ball
6808,Gaze@CHI,floor
6808,Facial@MOT,invisible
6808,Gaze@MOT,child
6808,Action@MOT,picking up the ball
6809,Gaze@CHI,floor
6809,Facial@MOT,invisible
6809,Utterance@MOT,Ready?
6809,Prosody@MOT,rising
6809,Gaze@MOT,child
6809,Action@MOT,picking up the ball
6810,Gaze@CHI,floor
6810,Facial@MOT,invisible
6810,Utterance@MOT,Ready?
6810,Prosody@MOT,rising
6810,Gaze@MOT,child
6810,Action@MOT,picking up the ball
6811,Gaze@CHI,floor
6811,Facial@MOT,invisible
6811,Utterance@MOT,Ready?
6811,Prosody@MOT,rising
6811,Gaze@MOT,child
6811,Action@MOT,picking up the ball
6812,Gaze@CHI,floor
6812,Facial@MOT,invisible
6812,Utterance@MOT,Ready?
6812,Prosody@MOT,rising
6812,Gaze@MOT,child
6812,Action@MOT,picking up the ball
6813,Gaze@CHI,mom
6813,Facial@MOT,invisible
6813,Utterance@MOT,Ready?
6813,Prosody@MOT,rising
6813,Gaze@MOT,child
6813,Action@MOT,picking up the ball
6814,Gaze@CHI,mom
6814,Facial@MOT,invisible
6814,Utterance@MOT,Ready?
6814,Prosody@MOT,rising
6814,Gaze@MOT,child
6814,Action@MOT,putting the ball in mouth
6815,Gaze@CHI,mom
6815,Facial@MOT,invisible
6815,Gaze@MOT,child
6815,Action@MOT,putting the ball in mouth
6816,Gaze@CHI,mom
6816,Facial@MOT,neutral
6816,Gaze@MOT,child
6816,Action@MOT,putting the ball in mouth
6817,Gaze@CHI,mom
6817,Facial@MOT,neutral
6817,Gaze@MOT,child
6817,Action@MOT,putting the ball in mouth
6818,Gaze@CHI,mom
6818,Facial@MOT,neutral
6818,Gaze@MOT,child
6818,Action@MOT,putting the ball in mouth
6819,Gaze@CHI,mom
6819,Facial@MOT,neutral
6819,Gaze@MOT,child
6819,Action@MOT,putting the ball in mouth
6820,Gaze@CHI,mom
6820,Facial@MOT,neutral
6820,Gaze@MOT,child
6820,Action@MOT,putting the ball in mouth
6821,Gaze@CHI,mom
6821,Facial@MOT,neutral
6821,Gaze@MOT,child
6821,Action@MOT,putting the ball in mouth
6822,Gaze@CHI,mom
6822,Facial@MOT,neutral
6822,Gaze@MOT,child
6822,Action@MOT,putting the ball in mouth
6823,Gaze@CHI,mom
6823,Facial@MOT,neutral
6823,Gaze@MOT,child
6823,Action@MOT,holding the ball in mouth
6824,Gaze@CHI,mom
6824,Facial@MOT,neutral
6824,Gaze@MOT,child
6824,Action@MOT,holding the ball in mouth
6825,Gaze@CHI,mom
6825,Facial@MOT,neutral
6825,Gaze@MOT,child
6825,Action@MOT,holding the ball in mouth
6826,Gaze@CHI,mom
6826,Facial@MOT,neutral
6826,Gaze@MOT,child
6826,Action@MOT,holding the ball in mouth
6827,Gaze@CHI,mom
6827,Facial@MOT,neutral
6827,Gaze@MOT,child
6827,Action@MOT,holding the ball in mouth
6828,Gaze@CHI,mom
6828,Facial@MOT,neutral
6828,Gaze@MOT,floor
6828,Action@MOT,holding the ball in mouth
6829,Gaze@CHI,mom
6829,Facial@MOT,neutral
6829,Gaze@MOT,floor
6829,Action@MOT,holding the ball in mouth
6829,Laughable@CHI,mom spits the ball out of the mouth
6830,Gaze@CHI,mom
6830,Facial@MOT,neutral
6830,Gaze@MOT,floor
6830,Action@MOT,spitting out the ball
6830,Laughable@CHI,mom spits the ball out of the mouth
6831,Gaze@CHI,mom
6831,Facial@MOT,neutral
6831,Gaze@MOT,floor
6831,Action@MOT,spitting out the ball
6831,Laughable@CHI,mom spits the ball out of the mouth
6832,Gaze@CHI,mom
6832,Facial@MOT,neutral
6832,Gaze@MOT,floor
6832,Action@MOT,spitting out the ball
6832,Laughable@CHI,mom spits the ball out of the mouth
6833,Gaze@CHI,mom
6833,Facial@MOT,neutral
6833,Gaze@MOT,floor
6833,Action@MOT,spitting out the ball
6834,Gaze@CHI,mom
6834,Facial@MOT,smile showing teeth
6834,Gaze@MOT,child
6834,Action@MOT,spitting out the ball
6834,Laughter@MOT,L
6835,Gaze@CHI,mom
6835,Facial@MOT,smile showing teeth
6835,Gaze@MOT,child
6835,Laughter@MOT,L
6836,Gaze@CHI,mom
6836,Facial@MOT,smile showing teeth
6836,Gaze@MOT,child
6836,Laughter@MOT,L
6837,Gaze@CHI,mom
6837,Facial@MOT,smile showing teeth
6837,Gaze@MOT,child
6837,Laughter@MOT,L
6838,Gaze@CHI,mom
6838,Facial@MOT,smile showing teeth
6838,Gaze@MOT,child
6838,Laughter@CHI,L
6838,Laughter@MOT,L
6838,Arousal@CHI,middle
6838,ReactionReason@CHI,Violation of object schemas
6839,Gaze@CHI,mom
6839,Facial@MOT,smile showing teeth
6839,Gaze@MOT,child
6839,Laughter@CHI,L
6839,Laughter@MOT,L
6839,Arousal@CHI,middle
6839,ReactionReason@CHI,Violation of object schemas
6840,Gaze@CHI,mom
6840,Facial@MOT,smile showing teeth
6840,Gaze@MOT,child
6840,Laughter@CHI,L
6840,Laughter@MOT,L
6840,Arousal@CHI,middle
6840,ReactionReason@CHI,Violation of object schemas
6841,Gaze@CHI,mom
6841,Facial@MOT,smile showing teeth
6841,Gaze@MOT,child
6841,Laughter@CHI,L
6841,Laughter@MOT,L
6841,Arousal@CHI,middle
6841,ReactionReason@CHI,Violation of object schemas
6842,Gaze@CHI,mom
6842,Facial@MOT,smile showing teeth
6842,Gaze@MOT,child
6842,Action@MOT,picking up the ball
6842,Laughter@CHI,L
6842,Laughter@MOT,L
6842,Arousal@CHI,middle
6842,ReactionReason@CHI,Violation of object schemas
6843,Gaze@CHI,mom
6843,Facial@MOT,smile showing teeth
6843,Gaze@MOT,child
6843,Action@MOT,picking up the ball
6843,Laughter@CHI,L
6843,Laughter@MOT,L
6843,Arousal@CHI,middle
6843,ReactionReason@CHI,Violation of object schemas
6844,Gaze@CHI,mom
6844,Facial@MOT,smile showing teeth
6844,Gaze@MOT,child
6844,Action@MOT,picking up the ball
6844,Laughter@CHI,L
6844,Laughter@MOT,L
6844,Arousal@CHI,middle
6844,ReactionReason@CHI,Violation of object schemas
6845,Gaze@CHI,mom
6845,Facial@MOT,smile showing teeth
6845,Gaze@MOT,ball
6845,Action@MOT,picking up the ball
6845,Laughter@CHI,L
6845,Laughter@MOT,L
6845,Arousal@CHI,middle
6845,ReactionReason@CHI,Violation of object schemas
6846,Gaze@CHI,mom
6846,Facial@MOT,smile showing teeth
6846,Gaze@MOT,ball
6846,Action@MOT,picking up the ball
6846,Laughter@CHI,L
6846,Laughter@MOT,L
6846,Arousal@CHI,middle
6846,ReactionReason@CHI,Violation of object schemas
6847,Gaze@CHI,mom
6847,Facial@MOT,smile showing teeth
6847,Gaze@MOT,ball
6847,Action@MOT,picking up the ball
6847,Laughter@CHI,L
6847,Arousal@CHI,middle
6847,ReactionReason@CHI,Violation of object schemas
6848,Gaze@CHI,mom
6848,Facial@MOT,smile showing teeth
6848,Gaze@MOT,ball
6848,Action@MOT,picking up the ball
6848,Laughter@CHI,L
6848,Arousal@CHI,middle
6848,ReactionReason@CHI,Violation of object schemas
6849,Gaze@CHI,mom
6849,Facial@MOT,smile showing teeth
6849,Gaze@MOT,ball
6849,Action@MOT,picking up the ball
6849,Laughter@CHI,L
6849,Arousal@CHI,middle
6849,ReactionReason@CHI,Violation of object schemas
6850,Gaze@CHI,mom
6850,Facial@MOT,smile showing teeth
6850,Gaze@MOT,ball
6850,Action@MOT,picking up the ball
6850,Laughter@CHI,L
6850,Arousal@CHI,middle
6850,ReactionReason@CHI,Violation of object schemas
6851,Gaze@CHI,ball
6851,Facial@MOT,smile showing teeth
6851,Gaze@MOT,invisible
6851,Action@MOT,picking up the ball
6851,Laughter@CHI,L
6851,Arousal@CHI,middle
6851,ReactionReason@CHI,Violation of object schemas
6852,Gaze@CHI,ball
6852,Facial@MOT,invisible
6852,Gaze@MOT,invisible
6852,Action@MOT,picking up the ball
6852,Laughter@CHI,L
6852,Arousal@CHI,middle
6852,ReactionReason@CHI,Violation of object schemas
6853,Gaze@CHI,ball
6853,Facial@MOT,invisible
6853,Gaze@MOT,invisible
6853,Action@MOT,picking up the ball
6853,Laughter@CHI,L
6853,Arousal@CHI,middle
6853,ReactionReason@CHI,Violation of object schemas
6854,Gaze@CHI,ball
6854,Facial@MOT,invisible
6854,Gaze@MOT,invisible
6854,Action@MOT,picking up the ball
6855,Gaze@CHI,ball
6855,Facial@MOT,invisible
6855,Gaze@MOT,invisible
6855,Action@MOT,picking up the ball
6856,Gaze@CHI,ball
6856,Facial@MOT,invisible
6856,Utterance@MOT,Ready?
6856,Prosody@MOT,rising
6856,Gaze@MOT,child
6857,Gaze@CHI,ball
6857,Facial@MOT,invisible
6857,Utterance@MOT,Ready?
6857,Prosody@MOT,rising
6857,Gaze@MOT,child
6858,Gaze@CHI,ball
6858,Facial@MOT,neutral
6858,Utterance@CHI,huh
6858,Prosody@CHI,falling
6858,Gaze@MOT,child
6859,Gaze@CHI,mom
6859,Facial@MOT,neutral
6859,Utterance@CHI,huh
6859,Prosody@CHI,falling
6859,Gaze@MOT,child
6859,Action@MOT,putting the ball in mouth
6860,Gaze@CHI,mom
6860,Facial@MOT,neutral
6860,Utterance@CHI,huh
6860,Prosody@CHI,falling
6860,Gaze@MOT,child
6860,Action@MOT,putting the ball in mouth
6861,Gaze@CHI,mom
6861,Facial@MOT,neutral
6861,Utterance@CHI,huh
6861,Prosody@CHI,falling
6861,Gaze@MOT,child
6861,Action@MOT,putting the ball in mouth
6862,Gaze@CHI,mom
6862,Facial@MOT,neutral
6862,Gaze@MOT,child
6862,Action@MOT,putting the ball in mouth
6863,Gaze@CHI,mom
6863,Facial@MOT,neutral
6863,Gaze@MOT,child
6863,Action@MOT,putting the ball in mouth
6864,Gaze@CHI,mom
6864,Facial@MOT,neutral
6864,Gaze@MOT,child
6864,Action@MOT,putting the ball in mouth
6865,Gaze@CHI,mom
6865,Facial@MOT,neutral
6865,Gaze@MOT,child
6865,Action@MOT,putting the ball in mouth
6866,Gaze@CHI,mom
6866,Facial@MOT,neutral
6866,Gaze@MOT,child
6866,Action@MOT,putting the ball in mouth
6867,Gaze@CHI,mom
6867,Facial@MOT,neutral
6867,Gaze@MOT,invisible
6867,Action@MOT,putting the ball in mouth
6868,Gaze@CHI,mom
6868,Facial@MOT,neutral
6868,Gaze@MOT,invisible
6868,Action@MOT,putting the ball in mouth
6869,Gaze@CHI,mom
6869,Facial@MOT,neutral
6869,Gaze@MOT,invisible
6869,Action@MOT,putting the ball in mouth
6870,Gaze@CHI,mom
6870,Facial@MOT,neutral
6870,Gaze@MOT,invisible
6870,Action@MOT,holding the ball in mouth
6871,Gaze@CHI,mom
6871,Facial@MOT,neutral
6871,Gaze@MOT,invisible
6871,Action@MOT,holding the ball in mouth
6872,Gaze@CHI,mom
6872,Facial@MOT,neutral
6872,Gaze@MOT,invisible
6872,Action@MOT,holding the ball in mouth
6873,Gaze@CHI,mom
6873,Facial@MOT,neutral
6873,Gaze@MOT,invisible
6873,Action@MOT,holding the ball in mouth
6874,Gaze@CHI,mom
6874,Facial@MOT,neutral
6874,Gaze@MOT,invisible
6874,Action@MOT,picking up the glass
6875,Gaze@CHI,mom
6875,Facial@MOT,neutral
6875,Gaze@MOT,glass
6875,Action@MOT,picking up the glass
6876,Gaze@CHI,mom
6876,Facial@MOT,neutral
6876,Gaze@MOT,glass
6876,Action@MOT,picking up the glass
6876,Laughter@CHI,L
6876,Arousal@CHI,middle
6876,ReactionReason@CHI,Prediction
6877,Gaze@CHI,mom
6877,Facial@MOT,neutral
6877,Gaze@MOT,glass
6877,Action@MOT,picking up the glass
6877,Laughter@CHI,L
6877,Arousal@CHI,middle
6877,ReactionReason@CHI,Prediction
6878,Gaze@CHI,mom
6878,Facial@MOT,neutral
6878,Gaze@MOT,glass
6878,Action@MOT,picking up the glass
6878,Laughter@CHI,L
6878,Arousal@CHI,middle
6878,ReactionReason@CHI,Prediction
6879,Gaze@CHI,mom
6879,Facial@MOT,neutral
6879,Gaze@MOT,glass
6879,Action@MOT,picking up the glass
6879,Laughter@CHI,L
6879,Arousal@CHI,middle
6879,ReactionReason@CHI,Prediction
6880,Gaze@CHI,mom
6880,Facial@MOT,neutral
6880,Gaze@MOT,glass
6880,Action@MOT,picking up the glass
6880,Laughter@CHI,L
6880,Arousal@CHI,middle
6880,ReactionReason@CHI,Prediction
6881,Gaze@CHI,mom
6881,Facial@MOT,neutral
6881,Gaze@MOT,glass
6881,Action@MOT,picking up the glass
6881,Laughter@CHI,L
6881,Arousal@CHI,middle
6881,ReactionReason@CHI,Prediction
6882,Gaze@CHI,mom
6882,Facial@MOT,neutral
6882,Gaze@MOT,glass
6882,Action@MOT,picking up the glass
6882,Laughter@CHI,L
6882,Arousal@CHI,middle
6882,ReactionReason@CHI,Prediction
6883,Gaze@CHI,mom
6883,Facial@MOT,neutral
6883,Gaze@MOT,glass
6883,Action@MOT,picking up the glass
6883,Laughter@CHI,L
6883,Arousal@CHI,middle
6883,ReactionReason@CHI,Prediction
6884,Gaze@CHI,mom
6884,Facial@MOT,neutral
6884,Gaze@MOT,glass
6884,Action@MOT,picking up the glass
6884,Laughter@CHI,L
6884,Arousal@CHI,middle
6884,ReactionReason@CHI,Prediction
6885,Gaze@CHI,mom
6885,Facial@MOT,neutral
6885,Gaze@MOT,glass
6885,Action@MOT,picking up the glass
6885,Laughter@CHI,L
6885,Arousal@CHI,middle
6885,ReactionReason@CHI,Prediction
6886,Gaze@CHI,mom
6886,Facial@MOT,neutral
6886,Gaze@MOT,glass
6886,Action@MOT,picking up the glass
6886,Laughter@CHI,L
6886,Arousal@CHI,middle
6886,ReactionReason@CHI,Prediction
6887,Gaze@CHI,mom
6887,Facial@MOT,neutral
6887,Gaze@MOT,glass
6887,Action@MOT,picking up the glass
6887,Laughter@CHI,L
6887,Arousal@CHI,middle
6887,ReactionReason@CHI,Prediction
6888,Gaze@CHI,mom
6888,Facial@MOT,neutral
6888,Gaze@MOT,glass
6888,Action@MOT,picking up the glass
6888,Laughter@CHI,L
6888,Arousal@CHI,middle
6888,ReactionReason@CHI,Prediction
6889,Gaze@CHI,mom
6889,Facial@MOT,neutral
6889,Gaze@MOT,glass
6889,Action@MOT,picking up the glass
6889,Laughter@CHI,L
6889,Arousal@CHI,middle
6889,ReactionReason@CHI,Prediction
6890,Gaze@CHI,mom
6890,Facial@MOT,neutral
6890,Gaze@MOT,glass
6890,Action@MOT,spitting the ball into the glass
6890,Laughter@CHI,L
6890,Laughable@CHI,mom spits the ball out of the mouth
6890,Arousal@CHI,middle
6890,ReactionReason@CHI,Prediction
6891,Gaze@CHI,mom
6891,Facial@MOT,neutral
6891,Gaze@MOT,glass
6891,Action@MOT,spitting the ball into the glass
6891,Laughable@CHI,mom spits the ball out of the mouth
6891,ReactionReason@CHI,Prediction
6892,Gaze@CHI,mom
6892,Facial@MOT,neutral
6892,Gaze@MOT,glass
6892,Action@MOT,spitting the ball into the glass
6892,Laughable@CHI,mom spits the ball out of the mouth
6892,ReactionReason@CHI,Prediction
6893,Gaze@CHI,mom
6893,Facial@MOT,neutral
6893,Gaze@MOT,glass
6893,Action@MOT,spitting the ball into the glass
6893,Laughable@CHI,mom spits the ball out of the mouth
6893,ReactionReason@CHI,Prediction
6894,Gaze@CHI,mom
6894,Facial@MOT,neutral
6894,Gaze@MOT,glass
6894,Action@MOT,spitting the ball into the glass
6894,Laughable@CHI,mom spits the ball out of the mouth
6894,ReactionReason@CHI,Prediction
6895,Gaze@CHI,mom
6895,Gaze@MOT,glass
6895,Action@MOT,spitting the ball into the glass
6895,Laughable@CHI,mom spits the ball out of the mouth
6895,ReactionReason@CHI,Prediction
6896,Gaze@CHI,mom
6896,Gaze@MOT,glass
6896,Action@MOT,spitting the ball into the glass
6896,ReactionReason@CHI,Prediction
6897,Gaze@CHI,mom
6897,Gaze@MOT,glass
6897,Action@MOT,spitting the ball into the glass
6897,ReactionReason@CHI,Prediction
6898,Gaze@CHI,mom
6898,Facial@MOT,smile showing teeth
6898,Gaze@MOT,glass
6898,Action@MOT,spitting the ball into the glass
6898,ReactionReason@CHI,Prediction
6899,Gaze@CHI,mom
6899,Facial@MOT,smile showing teeth
6899,Gaze@MOT,child
6899,Action@MOT,spitting the ball into the glass
6899,ReactionReason@CHI,Prediction
6900,Gaze@CHI,mom
6900,Facial@MOT,smile showing teeth
6900,Gaze@MOT,child
6900,Action@MOT,spitting the ball into the glass
6900,ReactionReason@CHI,Prediction
6901,Gaze@CHI,mom
6901,Facial@MOT,smile showing teeth
6901,Gaze@MOT,child
6901,ReactionReason@CHI,Prediction
6902,Gaze@CHI,mom
6902,Facial@MOT,smile showing teeth
6902,Gaze@MOT,child
6902,ReactionReason@CHI,Prediction
6903,Gaze@CHI,mom
6903,Facial@MOT,smile showing teeth
6903,Gaze@MOT,child
6903,Laughter@CHI,L
6903,Laughter@MOT,L
6903,Arousal@CHI,high
6903,ReactionReason@CHI,Prediction
6904,Gaze@CHI,mom
6904,Facial@MOT,smile showing teeth
6904,Gaze@MOT,child
6904,Laughter@CHI,L
6904,Laughter@MOT,L
6904,Arousal@CHI,high
6904,ReactionReason@CHI,Prediction
6905,Gaze@CHI,mom
6905,Facial@MOT,smile showing teeth
6905,Gaze@MOT,child
6905,Laughter@CHI,L
6905,Laughter@MOT,L
6905,Arousal@CHI,high
6905,ReactionReason@CHI,Prediction
6906,Gaze@CHI,ball
6906,Facial@MOT,smile showing teeth
6906,Gaze@MOT,child
6906,Laughter@CHI,L
6906,Laughter@MOT,L
6906,Arousal@CHI,high
6906,ReactionReason@CHI,Prediction
6907,Gaze@CHI,ball
6907,Facial@MOT,smile showing teeth
6907,Gaze@MOT,child
6907,Action@MOT,placing the glass with the ball on the floor
6907,Laughter@CHI,L
6907,Laughter@MOT,L
6907,Arousal@CHI,high
6907,ReactionReason@CHI,Prediction
6908,Gaze@CHI,ball
6908,Facial@MOT,smile showing teeth
6908,Gaze@MOT,child
6908,Action@MOT,placing the glass with the ball on the floor
6908,Laughter@CHI,L
6908,Laughter@MOT,L
6908,Arousal@CHI,high
6908,ReactionReason@CHI,Prediction
6909,Gaze@CHI,ball
6909,Facial@MOT,smile showing teeth
6909,Gaze@MOT,child
6909,Action@MOT,placing the glass with the ball on the floor
6909,Laughter@CHI,L
6909,Laughter@MOT,L
6909,Arousal@CHI,high
6909,ReactionReason@CHI,Prediction
6910,Gaze@CHI,ball
6910,Facial@MOT,smile showing teeth
6910,Gaze@MOT,child
6910,Action@MOT,placing the glass with the ball on the floor
6910,Laughter@CHI,L
6910,Laughter@MOT,L
6910,Arousal@CHI,high
6910,ReactionReason@CHI,Prediction
6911,Gaze@CHI,ball
6911,Facial@MOT,smile showing teeth
6911,Gaze@MOT,child
6911,Action@MOT,placing the glass with the ball on the floor
6911,Laughter@CHI,L
6911,Laughter@MOT,L
6911,Arousal@CHI,high
6911,ReactionReason@CHI,Prediction
6912,Gaze@CHI,ball
6912,Facial@MOT,smile showing teeth
6912,Gaze@MOT,child
6912,Action@MOT,placing the glass with the ball on the floor
6912,Laughter@CHI,L
6912,Laughter@MOT,L
6912,Arousal@CHI,high
6912,ReactionReason@CHI,Prediction
6913,Gaze@CHI,ball
6913,Facial@MOT,smile showing teeth
6913,Gaze@MOT,ball
6913,Action@MOT,placing the glass with the ball on the floor
6913,Laughter@CHI,L
6913,Laughter@MOT,L
6913,Arousal@CHI,high
6913,ReactionReason@CHI,Prediction
6914,Gaze@CHI,ball
6914,Facial@MOT,smile showing teeth
6914,Gaze@MOT,ball
6914,Action@MOT,placing the glass with the ball on the floor
6914,Laughter@CHI,L
6914,Laughter@MOT,L
6914,Arousal@CHI,high
6914,ReactionReason@CHI,Prediction
6915,Gaze@CHI,ball
6915,Facial@MOT,smile showing teeth
6915,Gaze@MOT,ball
6915,Action@MOT,placing the glass with the ball on the floor
6915,Laughter@CHI,L
6915,Arousal@CHI,high
6915,ReactionReason@CHI,Prediction
6916,Gaze@CHI,ball
6916,Facial@MOT,smile showing teeth
6916,Gaze@MOT,ball
6916,Action@MOT,placing the glass with the ball on the floor
6916,Laughter@CHI,L
6916,Arousal@CHI,high
6916,ReactionReason@CHI,Prediction
6917,Gaze@CHI,ball
6917,Facial@MOT,smile showing teeth
6917,Gaze@MOT,ball
6917,Action@MOT,placing the glass with the ball on the floor
6917,Laughter@CHI,L
6917,Arousal@CHI,high
6917,ReactionReason@CHI,Prediction
6918,Gaze@CHI,ball
6918,Facial@MOT,smile showing teeth
6918,Gaze@MOT,ball
6918,Action@MOT,placing the glass with the ball on the floor
6918,Laughter@CHI,L
6918,Arousal@CHI,high
6918,ReactionReason@CHI,Prediction
6919,Gaze@CHI,ball
6919,Facial@MOT,smile showing teeth
6919,Gaze@MOT,ball
6919,Action@MOT,placing the glass with the ball on the floor
6919,Laughter@CHI,L
6919,Arousal@CHI,high
6919,ReactionReason@CHI,Prediction
6920,Gaze@CHI,ball
6920,Facial@MOT,smile showing teeth
6920,Gaze@MOT,ball
6920,Action@MOT,placing the glass with the ball on the floor
6921,Gaze@CHI,ball
6921,Facial@MOT,smile showing teeth
6921,Gaze@MOT,ball
6921,Action@MOT,placing the glass with the ball on the floor
6922,Gaze@CHI,ball
6922,Facial@MOT,smile showing teeth
6922,Gaze@MOT,ball
6922,Action@MOT,tossing the ball
6923,Gaze@CHI,ball
6923,Facial@MOT,smile showing teeth
6923,Gaze@MOT,ball
6923,Action@MOT,tossing the ball
6924,Gaze@CHI,ball
6924,Facial@MOT,smile showing teeth
6924,Gaze@MOT,ball
6924,Action@MOT,tossing the ball
6925,Gaze@CHI,ball
6925,Facial@MOT,smile showing teeth
6925,Gaze@MOT,ball
6925,Action@MOT,tossing the ball
6926,Gaze@CHI,ball
6926,Facial@MOT,smile showing teeth
6926,Gaze@MOT,ball
6926,Action@MOT,tossing the ball
6927,Gaze@CHI,ball
6927,Facial@MOT,smile showing teeth
6927,Gaze@MOT,ball
6927,Action@MOT,tossing the ball
6928,Gaze@CHI,ball
6928,Facial@MOT,smile showing teeth
6928,Gaze@MOT,ball
6928,Action@MOT,tossing the ball
6929,Gaze@CHI,ball
6929,Facial@MOT,smile showing teeth
6929,Gaze@MOT,ball
6929,Action@MOT,tossing the ball
6930,Gaze@CHI,ball
6930,Facial@MOT,smile showing teeth
6930,Gaze@MOT,child
6930,Action@MOT,tossing the ball
6931,Gaze@CHI,ball
6931,Facial@MOT,smile showing teeth
6931,Gaze@MOT,child
6931,Action@MOT,tossing the ball
6932,Gaze@CHI,ball
6932,Facial@MOT,smile showing teeth
6932,Gaze@MOT,child
6932,Action@MOT,picking up the ball
6933,Gaze@CHI,mom
6933,Facial@MOT,smile showing teeth
6933,Gaze@MOT,child
6933,Action@MOT,picking up the ball
6934,Gaze@CHI,mom
6934,Facial@MOT,smile showing teeth
6934,Gaze@MOT,child
6934,Action@MOT,picking up the ball
6935,Gaze@CHI,mom
6935,Facial@MOT,smile showing teeth
6935,Gaze@MOT,child
6935,Action@MOT,picking up the ball
6936,Gaze@CHI,mom
6936,Utterance@MOT,Ready?
6936,Prosody@MOT,rising
6936,Gaze@MOT,child
6936,Action@MOT,picking up the ball
6937,Gaze@CHI,mom
6937,Utterance@MOT,Ready?
6937,Prosody@MOT,rising
6937,Gaze@MOT,child
6937,Action@MOT,picking up the ball
6938,Gaze@CHI,mom
6938,Utterance@MOT,Ready?
6938,Prosody@MOT,rising
6938,Gaze@MOT,child
6938,Action@MOT,putting the ball in mouth
6939,Gaze@CHI,mom
6939,Utterance@MOT,Ready?
6939,Prosody@MOT,rising
6939,Gaze@MOT,child
6939,Action@MOT,putting the ball in mouth
6940,Gaze@CHI,mom
6940,Utterance@MOT,Ready?
6940,Prosody@MOT,rising
6940,Gaze@MOT,into the distance
6940,Action@MOT,putting the ball in mouth
6941,Gaze@CHI,mom
6941,Utterance@MOT,Ready?
6941,Prosody@MOT,rising
6941,Gaze@MOT,into the distance
6941,Action@MOT,putting the ball in mouth
6942,Gaze@CHI,mom
6942,Utterance@MOT,Ready?
6942,Prosody@MOT,rising
6942,Gaze@MOT,into the distance
6942,Action@MOT,putting the ball in mouth
6943,Gaze@CHI,mom
6943,Facial@MOT,neutral
6943,Gaze@MOT,into the distance
6943,Action@MOT,putting the ball in mouth
6944,Gaze@CHI,mom
6944,Facial@MOT,neutral
6944,Gaze@MOT,into the distance
6944,Action@MOT,putting the ball in mouth
6945,Gaze@CHI,mom
6945,Facial@MOT,neutral
6945,Gaze@MOT,into the distance
6945,Action@MOT,putting the ball in mouth
6946,Gaze@CHI,mom
6946,Facial@MOT,neutral
6946,Gaze@MOT,into the distance
6946,Action@MOT,putting the ball in mouth
6947,Gaze@CHI,mom
6947,Facial@MOT,neutral
6947,Utterance@CHI,excited breathing
6947,Gaze@MOT,into the distance
6947,Action@MOT,putting the ball in mouth
6947,Arousal@CHI,low
6947,ReactionReason@CHI,Conformity to event schema => Not that excited anymore
6948,Gaze@CHI,mom
6948,Facial@MOT,neutral
6948,Utterance@CHI,excited breathing
6948,Gaze@MOT,into the distance
6948,Action@MOT,putting the ball in mouth
6948,Arousal@CHI,low
6948,ReactionReason@CHI,Conformity to event schema => Not that excited anymore
6949,Gaze@CHI,mom
6949,Facial@MOT,neutral
6949,Utterance@CHI,excited breathing
6949,Gaze@MOT,into the distance
6949,Action@MOT,holding the ball in mouth
6949,Arousal@CHI,low
6949,ReactionReason@CHI,Conformity to event schema => Not that excited anymore
6950,Gaze@CHI,mom
6950,Facial@MOT,neutral
6950,Utterance@CHI,excited breathing
6950,Gaze@MOT,into the distance
6950,Action@MOT,holding the ball in mouth
6950,Arousal@CHI,low
6950,ReactionReason@CHI,Conformity to event schema => Not that excited anymore
6951,Gaze@CHI,mom
6951,Facial@MOT,neutral
6951,Utterance@CHI,excited breathing
6951,Gaze@MOT,into the distance
6951,Action@MOT,holding the ball in mouth
6951,Arousal@CHI,low
6951,ReactionReason@CHI,Conformity to event schema => Not that excited anymore
6952,Gaze@CHI,mom
6952,Facial@MOT,neutral
6952,Utterance@CHI,excited breathing
6952,Gaze@MOT,into the distance
6952,Action@MOT,holding the ball in mouth
6952,Arousal@CHI,low
6952,ReactionReason@CHI,Conformity to event schema => Not that excited anymore
6953,Gaze@CHI,mom
6953,Facial@MOT,neutral
6953,Utterance@CHI,excited breathing
6953,Gaze@MOT,into the distance
6953,Action@MOT,holding the ball in mouth
6953,Arousal@CHI,low
6953,ReactionReason@CHI,Conformity to event schema => Not that excited anymore
6954,Gaze@CHI,mom
6954,Facial@MOT,neutral
6954,Utterance@CHI,excited breathing
6954,Gaze@MOT,into the distance
6954,Action@MOT,holding the ball in mouth
6954,Arousal@CHI,low
6954,ReactionReason@CHI,Conformity to event schema => Not that excited anymore
6955,Gaze@CHI,mom
6955,Facial@MOT,neutral
6955,Utterance@CHI,excited breathing
6955,Gaze@MOT,into the distance
6955,Action@MOT,holding the ball in mouth
6955,Arousal@CHI,low
6955,ReactionReason@CHI,Conformity to event schema => Not that excited anymore
6956,Gaze@CHI,mom
6956,Facial@MOT,neutral
6956,Utterance@CHI,excited breathing
6956,Gaze@MOT,into the distance
6956,Action@MOT,holding the ball in mouth
6956,Laughable@CHI,mom spits the ball out of the mouth
6956,Arousal@CHI,low
6956,ReactionReason@CHI,Conformity to event schema => Not that excited anymore
6957,Gaze@CHI,mom
6957,Facial@MOT,neutral
6957,Utterance@CHI,huh
6957,Prosody@CHI,falling
6957,Gaze@MOT,into the distance
6957,Action@MOT,holding the ball in mouth
6957,Laughable@CHI,mom spits the ball out of the mouth
6957,Arousal@CHI,low
6957,ReactionReason@CHI,Conformity to event schema => Not that excited anymore
6958,Gaze@CHI,mom
6958,Facial@MOT,neutral
6958,Utterance@CHI,huh
6958,Prosody@CHI,falling
6958,Gaze@MOT,into the distance
6958,Action@MOT,spitting out the ball
6958,Laughable@CHI,mom spits the ball out of the mouth
6958,Arousal@CHI,low
6958,ReactionReason@CHI,Conformity to event schema => Not that excited anymore
6959,Gaze@CHI,mom
6959,Utterance@CHI,huh
6959,Prosody@CHI,falling
6959,Gaze@MOT,ball
6959,Action@MOT,spitting out the ball
6959,Laughable@MOT,the ball went too far
6959,Arousal@CHI,low
6959,ReactionReason@CHI,Conformity to event schema => Not that excited anymore
6960,Gaze@CHI,mom
6960,Utterance@CHI,huh
6960,Prosody@CHI,falling
6960,Gaze@MOT,ball
6960,Action@MOT,spitting out the ball
6960,Laughable@MOT,the ball went too far
6960,Arousal@CHI,low
6960,ReactionReason@CHI,Conformity to event schema => Not that excited anymore
6961,Gaze@CHI,mom
6961,Gaze@MOT,ball
6961,Action@MOT,spitting out the ball
6961,Laughable@MOT,the ball went too far
6961,ReactionReason@CHI,Conformity to event schema => Not that excited anymore
6962,Gaze@CHI,mom
6962,Gaze@MOT,ball
6962,Action@MOT,spitting out the ball
6962,ReactionReason@CHI,Conformity to event schema => Not that excited anymore
6963,Gaze@CHI,mom
6963,Gaze@MOT,ball
6963,Action@MOT,spitting out the ball
6963,ReactionReason@CHI,Conformity to event schema => Not that excited anymore
6964,Gaze@CHI,mom
6964,Gaze@MOT,ball
6964,Action@MOT,spitting out the ball
6964,Laughter@MOT,SL
6964,ReactionReason@CHI,Conformity to event schema => Not that excited anymore
6965,Gaze@CHI,mom
6965,Gaze@MOT,ball
6965,Action@MOT,spitting out the ball
6965,Laughter@MOT,SL
6965,ReactionReason@CHI,Conformity to event schema => Not that excited anymore
6966,Gaze@CHI,mom
6966,Gaze@MOT,ball
6966,Action@MOT,spitting out the ball
6966,Laughter@MOT,SL
6966,ReactionReason@CHI,Conformity to event schema => Not that excited anymore
6967,Gaze@CHI,mom
6967,Gaze@MOT,ball
6967,Action@MOT,spitting out the ball
6967,Laughter@MOT,SL
6967,ReactionReason@CHI,Conformity to event schema => Not that excited anymore
6968,Gaze@CHI,mom
6968,Facial@MOT,smile showing teeth
6968,Gaze@MOT,ball
6968,Laughter@MOT,SL
6968,ReactionReason@CHI,Conformity to event schema => Not that excited anymore
6969,Gaze@CHI,mom
6969,Facial@MOT,smile showing teeth
6969,Gaze@MOT,ball
6969,Laughter@MOT,SL
6969,ReactionReason@CHI,Conformity to event schema => Not that excited anymore
6970,Gaze@CHI,mom
6970,Facial@MOT,smile showing teeth
6970,Gaze@MOT,ball
6970,Laughter@MOT,SL
6970,ReactionReason@CHI,Conformity to event schema => Not that excited anymore
6971,Gaze@CHI,mom
6971,Facial@MOT,smile showing teeth
6971,Gaze@MOT,ball
6971,Laughter@MOT,SL
6971,ReactionReason@CHI,Conformity to event schema => Not that excited anymore
6972,Gaze@CHI,mom
6972,Facial@MOT,smile showing teeth
6972,Gaze@MOT,ball
6972,Laughter@MOT,SL
6973,Gaze@CHI,mom
6973,Facial@MOT,smile showing teeth
6973,Utterance@MOT,Too far.
6973,Prosody@MOT,falling
6973,Gaze@MOT,ball
6973,Laughter@MOT,SL
6974,Gaze@CHI,mom
6974,Facial@MOT,smile showing teeth
6974,Utterance@MOT,Too far.
6974,Prosody@MOT,falling
6974,Gaze@MOT,ball
6974,Laughter@MOT,SL
6975,Gaze@CHI,mom
6975,Facial@MOT,smile showing teeth
6975,Utterance@MOT,Too far.
6975,Prosody@MOT,falling
6975,Gaze@MOT,ball
6975,Laughter@MOT,SL
6976,Gaze@CHI,mom
6976,Facial@MOT,smile showing teeth
6976,Utterance@MOT,Too far.
6976,Prosody@MOT,falling
6976,Gaze@MOT,ball
6976,Laughter@MOT,SL
6977,Gaze@CHI,mom
6977,Facial@MOT,smile showing teeth
6977,Utterance@MOT,Too far.
6977,Prosody@MOT,falling
6977,Gaze@MOT,ball
6977,Laughter@MOT,SL
6978,Gaze@CHI,mom
6978,Facial@MOT,smile showing teeth
6978,Gaze@MOT,ball
6978,Laughter@MOT,SL
6979,Gaze@CHI,mom
6979,Facial@MOT,smile showing teeth
6979,Gaze@MOT,ball
6979,Action@MOT,picking up the ball
6979,Laughter@MOT,SL
6980,Gaze@CHI,mom
6980,Facial@MOT,smile showing teeth
6980,Gaze@MOT,ball
6980,Action@MOT,picking up the ball
6980,Laughter@MOT,SL
6981,Gaze@CHI,mom
6981,Facial@MOT,smile showing teeth
6981,Gaze@MOT,ball
6981,Action@MOT,picking up the ball
6981,Laughter@MOT,SL
6982,Gaze@CHI,mom
6982,Facial@MOT,smile showing teeth
6982,Gaze@MOT,ball
6982,Action@MOT,picking up the ball
6982,Laughter@MOT,SL
6983,Gaze@CHI,mom
6983,Facial@MOT,smile showing teeth
6983,Gaze@MOT,ball
6983,Action@MOT,picking up the ball
6983,Laughter@MOT,SL
6984,Gaze@CHI,mom
6984,Facial@MOT,smile showing teeth
6984,Gaze@MOT,ball
6984,Action@MOT,picking up the ball
6984,Laughter@MOT,SL
6985,Gaze@CHI,mom
6985,Facial@MOT,smile showing teeth
6985,Gaze@MOT,ball
6985,Action@MOT,picking up the ball
6985,Laughter@MOT,SL
6986,Gaze@CHI,mom
6986,Facial@MOT,invisible
6986,Gaze@MOT,ball
6986,Action@MOT,picking up the ball
6986,Laughter@MOT,SL
6987,Gaze@CHI,mom
6987,Facial@MOT,invisible
6987,Gaze@MOT,ball
6987,Action@MOT,picking up the ball
6987,Laughter@MOT,SL
6988,Gaze@CHI,mom
6988,Facial@MOT,invisible
6988,Gaze@MOT,ball
6988,Action@MOT,picking up the ball
6988,Laughter@MOT,SL
6989,Gaze@CHI,mom
6989,Facial@MOT,invisible
6989,Gaze@MOT,ball
6989,Action@MOT,picking up the ball
6989,Laughter@MOT,SL
6990,Gaze@CHI,mom
6990,Facial@MOT,invisible
6990,Gaze@MOT,ball
6990,Action@MOT,picking up the ball
6990,Laughter@MOT,SL
6991,Gaze@CHI,mom
6991,Facial@MOT,invisible
6991,Gaze@MOT,ball
6991,Action@MOT,picking up the ball
6991,Laughter@MOT,SL
6992,Gaze@CHI,ball
6992,Facial@MOT,invisible
6992,Gaze@MOT,floor
6992,Action@MOT,picking up the ball
6992,Laughter@MOT,SL
6993,Gaze@CHI,ball
6993,Facial@MOT,invisible
6993,Gaze@MOT,floor
6993,Action@MOT,picking up the ball
6993,Laughter@MOT,SL
6994,Gaze@CHI,ball
6994,Facial@MOT,invisible
6994,Gaze@MOT,floor
6994,Action@MOT,picking up the ball
6994,Laughter@MOT,SL
6995,Gaze@CHI,ball
6995,Facial@MOT,invisible
6995,Gaze@MOT,floor
6995,Action@MOT,picking up the ball
6995,Laughter@MOT,SL
6996,Gaze@CHI,ball
6996,Facial@MOT,invisible
6996,Gaze@MOT,floor
6996,Action@MOT,picking up the ball
6996,Laughter@MOT,SL
6997,Gaze@CHI,ball
6997,Facial@MOT,invisible
6997,Utterance@MOT,Really far.
6997,Prosody@MOT,flat
6997,Gaze@MOT,floor
6997,Action@MOT,picking up the ball
6997,Laughter@MOT,SL
6998,Gaze@CHI,ball
6998,Facial@MOT,invisible
6998,Utterance@MOT,Really far.
6998,Prosody@MOT,flat
6998,Gaze@MOT,floor
6998,Action@MOT,picking up the ball
6998,Laughter@MOT,SL
6999,Gaze@CHI,ball
6999,Facial@MOT,invisible
6999,Utterance@MOT,Really far.
6999,Prosody@MOT,flat
6999,Gaze@MOT,floor
6999,Action@MOT,picking up the ball
6999,Laughter@MOT,SL
7000,Gaze@CHI,ball
7000,Facial@MOT,invisible
7000,Utterance@MOT,Really far.
7000,Prosody@MOT,flat
7000,Gaze@MOT,floor
7000,Action@MOT,picking up the ball
7000,Laughter@MOT,SL
7001,Gaze@CHI,ball
7001,Facial@MOT,invisible
7001,Utterance@MOT,Really far.
7001,Prosody@MOT,flat
7001,Gaze@MOT,floor
7001,Action@MOT,picking up the ball
7001,Laughter@MOT,SL
7002,Gaze@CHI,ball
7002,Facial@MOT,invisible
7002,Utterance@MOT,Really far.
7002,Prosody@MOT,flat
7002,Gaze@MOT,invisible
7002,Action@MOT,picking up the ball
7003,Gaze@CHI,ball
7003,Facial@MOT,invisible
7003,Utterance@MOT,Really far.
7003,Prosody@MOT,flat
7003,Gaze@MOT,invisible
7003,Action@MOT,picking up the ball
7004,Gaze@CHI,ball
7004,Facial@MOT,invisible
7004,Utterance@MOT,Really far.
7004,Prosody@MOT,flat
7004,Gaze@MOT,invisible
7004,Action@MOT,picking up the ball
7005,Gaze@CHI,ball
7005,Facial@MOT,invisible
7005,Utterance@MOT,Really far.
7005,Prosody@MOT,flat
7005,Gaze@MOT,invisible
7005,Action@MOT,picking up the ball
7006,Gaze@CHI,ball
7006,Facial@MOT,invisible
7006,Gaze@MOT,invisible
7006,Action@MOT,picking up the ball
7007,Gaze@CHI,ball
7007,Facial@MOT,invisible
7007,Gaze@MOT,invisible
7008,Gaze@CHI,ball
7008,Facial@MOT,invisible
7008,Gaze@MOT,invisible
7009,Gaze@CHI,ball
7009,Facial@MOT,invisible
7009,Gaze@MOT,invisible
7010,Gaze@CHI,ball
7010,Facial@MOT,invisible
7010,Gaze@MOT,invisible
7011,Gaze@CHI,ball
7011,Facial@MOT,invisible
7011,Gaze@MOT,invisible
7012,Gaze@CHI,ball
7012,Facial@MOT,invisible
7012,Gaze@MOT,invisible
7746,Gaze@CHI,ball
7747,Gaze@CHI,ball
7748,Gaze@CHI,ball
7749,Gaze@CHI,ball
7750,Gaze@CHI,ball
7751,Gaze@CHI,ball
7752,Gaze@CHI,ball
7753,Gaze@CHI,ball
7754,Gaze@CHI,ball
7755,Gaze@CHI,ball
7756,Gaze@CHI,ball
7757,Gaze@CHI,ball
7758,Gaze@CHI,ball
7759,Gaze@CHI,ball
7760,Gaze@CHI,ball
7761,Gaze@CHI,ball
7762,Gaze@CHI,ball
7763,Gaze@CHI,ball
7764,Gaze@CHI,ball
7765,Gaze@CHI,ball
7766,Gaze@CHI,ball
7767,Gaze@CHI,ball
7768,Gaze@CHI,ball
7769,Gaze@CHI,ball
7770,Gaze@CHI,ball
7771,Gaze@CHI,ball
7772,Gaze@CHI,ball
7773,Gaze@CHI,ball
7774,Gaze@CHI,ball
7775,Gaze@CHI,ball
7776,Gaze@CHI,ball
7777,Gaze@CHI,ball
7778,Gaze@CHI,ball
7779,Gaze@CHI,ball
7780,Gaze@CHI,ball
7781,Gaze@CHI,ball
7782,Gaze@CHI,ball
7783,Gaze@CHI,ball
7784,Gaze@CHI,ball
7785,Gaze@CHI,mom
7786,Gaze@CHI,mom
7787,Gaze@CHI,mom
7788,Gaze@CHI,mom
7788,Facial@MOT,smile
7789,Gaze@CHI,mom
7789,Facial@MOT,smile
7790,Gaze@CHI,mom
7790,Facial@MOT,smile
7791,Gaze@CHI,mom
7791,Facial@MOT,smile
7792,Gaze@CHI,mom
7792,Facial@MOT,smile
7793,Gaze@CHI,mom
7793,Facial@MOT,smile
7794,Gaze@CHI,mom
7794,Facial@MOT,smile
7795,Gaze@CHI,mom
7795,Facial@MOT,smile
7796,Gaze@CHI,mom
7796,Facial@MOT,smile
7797,Gaze@CHI,mom
7797,Facial@MOT,smile
7798,Gaze@CHI,mom
7798,Facial@MOT,smile
7799,Gaze@CHI,mom
7799,Facial@MOT,smile
7800,Gaze@CHI,mom
7800,Facial@MOT,smile
7801,Gaze@CHI,mom
7801,Facial@MOT,smile
7802,Gaze@CHI,mom
7802,Facial@MOT,smile
7803,Gaze@CHI,mom
7803,Facial@MOT,smile
7804,Gaze@CHI,mom
7804,Facial@MOT,smile showing teeth
7804,Utterance@MOT,I love you.
7804,Prosody@MOT,falling
7805,Gaze@CHI,mom
7805,Facial@MOT,smile showing teeth
7805,Utterance@MOT,I love you.
7805,Prosody@MOT,falling
7806,Gaze@CHI,mom
7806,Facial@MOT,smile showing teeth
7806,Utterance@MOT,I love you.
7806,Prosody@MOT,falling
7807,Gaze@CHI,mom
7807,Facial@MOT,smile showing teeth
7807,Utterance@CHI,excited breathing
7807,Utterance@MOT,I love you.
7807,Prosody@MOT,falling
7808,Gaze@CHI,mom
7808,Facial@MOT,smile showing teeth
7808,Utterance@CHI,excited breathing
7808,Utterance@MOT,I love you.
7808,Prosody@MOT,falling
7809,Gaze@CHI,mom
7809,Facial@MOT,smile showing teeth
7809,Utterance@CHI,excited breathing
7809,Utterance@MOT,I love you.
7809,Prosody@MOT,falling
7810,Gaze@CHI,mom
7810,Facial@MOT,smile showing teeth
7810,Utterance@CHI,excited breathing
7810,Utterance@MOT,I love you.
7810,Prosody@MOT,falling
7811,Gaze@CHI,mom
7811,Facial@MOT,smile showing teeth
7811,Utterance@CHI,excited breathing
7811,Utterance@MOT,I love you.
7811,Prosody@MOT,falling
7812,Gaze@CHI,mom
7812,Facial@MOT,smile showing teeth
7812,Utterance@CHI,excited breathing
7813,Gaze@CHI,mom
7813,Facial@MOT,smile showing teeth
7813,Utterance@CHI,excited breathing
7813,Arousal@CHI,low
7814,Gaze@CHI,mom
7814,Facial@MOT,smile showing teeth
7814,Utterance@CHI,excited breathing
7814,Action@CHI,giving the ball to mom
7814,Arousal@CHI,low
7815,Gaze@CHI,mom
7815,Facial@MOT,smile showing teeth
7815,Utterance@CHI,excited breathing
7815,Action@CHI,giving the ball to mom
7815,Arousal@CHI,low
7816,Gaze@CHI,mom
7816,Facial@MOT,smile showing teeth
7816,Utterance@CHI,excited breathing
7816,Action@CHI,giving the ball to mom
7816,Arousal@CHI,low
7817,Gaze@CHI,mom
7817,Facial@MOT,smile showing teeth
7817,Utterance@CHI,excited breathing
7817,Action@CHI,giving the ball to mom
7817,Arousal@CHI,low
7818,Gaze@CHI,mom
7818,Facial@MOT,smile showing teeth
7818,Utterance@CHI,excited breathing
7818,Action@CHI,giving the ball to mom
7818,Arousal@CHI,low
7819,Gaze@CHI,mom
7819,Facial@MOT,smile showing teeth
7819,Utterance@CHI,excited breathing
7819,Action@CHI,giving the ball to mom
7819,Arousal@CHI,low
7820,Gaze@CHI,mom
7820,Facial@MOT,smile showing teeth
7820,Utterance@CHI,excited breathing
7820,Action@CHI,giving the ball to mom
7820,Arousal@CHI,low
7821,Gaze@CHI,mom
7821,Facial@MOT,smile showing teeth
7821,Utterance@CHI,excited breathing
7821,Action@CHI,giving the ball to mom
7821,Arousal@CHI,low
7822,Gaze@CHI,mom
7822,Facial@MOT,smile showing teeth
7822,Utterance@CHI,excited breathing
7822,Action@CHI,giving the ball to mom
7822,Arousal@CHI,low
7823,Gaze@CHI,mom
7823,Facial@MOT,smile showing teeth
7823,Utterance@CHI,excited breathing
7823,Action@CHI,giving the ball to mom
7823,Arousal@CHI,low
7824,Gaze@CHI,mom
7824,Facial@MOT,smile showing teeth
7824,Utterance@CHI,excited breathing
7824,Action@CHI,giving the ball to mom
7824,Arousal@CHI,low
7825,Gaze@CHI,mom
7825,Facial@MOT,smile showing teeth
7825,Utterance@CHI,excited breathing
7825,Action@CHI,giving the ball to mom
7825,Arousal@CHI,low
7826,Gaze@CHI,mom
7826,Facial@MOT,smile showing teeth
7826,Utterance@CHI,excited breathing
7826,Action@CHI,giving the ball to mom
7826,Arousal@CHI,low
7827,Gaze@CHI,mom
7827,Facial@MOT,invisible
7827,Utterance@CHI,excited breathing
7827,Action@CHI,giving the ball to mom
7827,Action@MOT,moving towards the ball to take it
7827,Arousal@CHI,low
7828,Gaze@CHI,mom
7828,Facial@MOT,invisible
7828,Utterance@CHI,excited breathing
7828,Action@CHI,giving the ball to mom
7828,Action@MOT,moving towards the ball to take it
7828,Arousal@CHI,low
7829,Gaze@CHI,mom
7829,Facial@MOT,invisible
7829,Utterance@CHI,excited breathing
7829,Action@CHI,giving the ball to mom
7829,Action@MOT,moving towards the ball to take it
7829,Arousal@CHI,low
7830,Gaze@CHI,mom
7830,Facial@MOT,invisible
7830,Utterance@CHI,excited breathing
7830,Action@CHI,giving the ball to mom
7830,Action@MOT,moving towards the ball to take it
7830,Arousal@CHI,low
7831,Gaze@CHI,mom
7831,Facial@MOT,invisible
7831,Utterance@CHI,excited breathing
7831,Action@CHI,giving the ball to mom
7831,Action@MOT,moving towards the ball to take it
7831,Arousal@CHI,low
7832,Gaze@CHI,mom
7832,Facial@MOT,invisible
7832,Utterance@CHI,excited breathing
7832,Action@CHI,giving the ball to mom
7832,Action@MOT,moving towards the ball to take it
7832,Arousal@CHI,low
7833,Gaze@CHI,mom
7833,Facial@MOT,invisible
7833,Utterance@CHI,excited breathing
7833,Action@CHI,giving the ball to mom
7833,Action@MOT,moving towards the ball to take it
7833,Arousal@CHI,low
7834,Gaze@CHI,mom
7834,Facial@MOT,invisible
7834,Utterance@CHI,excited breathing
7834,Action@CHI,giving the ball to mom
7834,Action@MOT,moving towards the ball to take it
7834,Arousal@CHI,low
7835,Gaze@CHI,mom
7835,Facial@MOT,invisible
7835,Utterance@CHI,excited breathing
7835,Action@CHI,giving the ball to mom
7835,Action@MOT,moving towards the ball to take it
7835,Arousal@CHI,low
7835,ReactionReason@CHI,Prank
7836,Gaze@CHI,mom
7836,Facial@MOT,invisible
7836,Utterance@CHI,excited breathing
7836,Action@CHI,giving the ball to mom
7836,Action@MOT,moving towards the ball to take it
7836,Arousal@CHI,low
7836,ReactionReason@CHI,Prank
7837,Gaze@CHI,mom
7837,Facial@MOT,invisible
7837,Action@CHI,giving the ball to mom
7837,Action@MOT,moving towards the ball to take it
7837,Laughter@CHI,L
7837,Arousal@CHI,low
7837,ReactionReason@CHI,Prank
7838,Gaze@CHI,mom
7838,Facial@MOT,invisible
7838,Action@CHI,giving the ball to mom
7838,Action@MOT,moving towards the ball to take it
7838,Laughter@CHI,L
7838,Arousal@CHI,low
7838,ReactionReason@CHI,Prank
7839,Gaze@CHI,mom
7839,Facial@MOT,invisible
7839,Gaze@MOT,ball
7839,Action@CHI,giving the ball to mom
7839,Action@MOT,moving towards the ball to take it
7839,Laughter@CHI,L
7839,Arousal@CHI,low
7839,ReactionReason@CHI,Prank
7840,Gaze@CHI,mom
7840,Facial@MOT,invisible
7840,Gaze@MOT,ball
7840,Action@CHI,giving the ball to mom
7840,Action@MOT,moving towards the ball to take it
7840,Laughter@CHI,L
7840,Arousal@CHI,low
7840,ReactionReason@CHI,Prank
7841,Gaze@CHI,mom
7841,Facial@MOT,invisible
7841,Gaze@MOT,ball
7841,Action@CHI,giving the ball to mom
7841,Action@MOT,moving towards the ball to take it
7841,Laughter@CHI,L
7841,Arousal@CHI,low
7841,ReactionReason@CHI,Prank
7842,Gaze@CHI,mom
7842,Facial@MOT,invisible
7842,Gaze@MOT,ball
7842,Action@CHI,giving the ball to mom
7842,Action@MOT,moving towards the ball to take it
7842,Laughter@CHI,L
7842,Arousal@CHI,low
7842,ReactionReason@CHI,Prank
7843,Gaze@CHI,mom
7843,Facial@MOT,invisible
7843,Gaze@MOT,ball
7843,Action@CHI,giving the ball to mom
7843,Action@MOT,moving towards the ball to take it
7843,Laughter@CHI,L
7843,Arousal@CHI,low
7843,ReactionReason@CHI,Prank
7844,Gaze@CHI,mom
7844,Facial@MOT,invisible
7844,Gaze@MOT,ball
7844,Action@CHI,giving the ball to mom
7844,Action@MOT,moving towards the ball to take it
7844,Laughter@CHI,L
7844,Arousal@CHI,low
7844,ReactionReason@CHI,Prank
7845,Gaze@CHI,mom
7845,Facial@MOT,invisible
7845,Gaze@MOT,ball
7845,Action@CHI,giving the ball to mom
7845,Action@MOT,moving towards the ball to take it
7845,Laughter@CHI,L
7845,Arousal@CHI,low
7845,ReactionReason@CHI,Prank
7846,Gaze@CHI,mom
7846,Facial@MOT,invisible
7846,Gaze@MOT,ball
7846,Action@CHI,giving the ball to mom
7846,Action@MOT,moving towards the ball to take it
7846,Laughter@CHI,L
7846,Arousal@CHI,low
7846,ReactionReason@CHI,Prank
7847,Gaze@CHI,mom
7847,Facial@MOT,invisible
7847,Gaze@MOT,ball
7847,Action@CHI,putting the ball in mom’s mouth
7847,Action@MOT,moving towards the ball to take it
7847,Laughter@CHI,L
7847,Arousal@CHI,low
7847,ReactionReason@CHI,Prank
7848,Gaze@CHI,mom
7848,Facial@MOT,invisible
7848,Gaze@MOT,ball
7848,Action@CHI,putting the ball in mom’s mouth
7848,Action@MOT,moving towards the ball to take it
7848,Laughter@CHI,L
7848,Arousal@CHI,low
7848,ReactionReason@CHI,Prank
7849,Gaze@CHI,mom
7849,Facial@MOT,invisible
7849,Gaze@MOT,ball
7849,Action@CHI,putting the ball in mom’s mouth
7849,Action@MOT,moving towards the ball to take it
7849,Laughter@CHI,L
7849,Arousal@CHI,low
7849,ReactionReason@CHI,Prank
7850,Gaze@CHI,mom
7850,Facial@MOT,widely opened eyes
7850,Gaze@MOT,ball
7850,Action@CHI,putting the ball in mom’s mouth
7850,Action@MOT,taking the ball with mouth
7850,Laughter@CHI,L
7850,Arousal@CHI,low
7850,ReactionReason@CHI,Prank
7851,Gaze@CHI,mom
7851,Facial@MOT,widely opened eyes
7851,Gaze@MOT,ball
7851,Action@CHI,putting the ball in mom’s mouth
7851,Action@MOT,taking the ball with mouth
7851,Laughter@CHI,L
7851,Arousal@CHI,low
7851,ReactionReason@CHI,Prank
7852,Gaze@CHI,mom
7852,Facial@MOT,widely opened eyes
7852,Utterance@CHI,excited breathing
7852,Gaze@MOT,ball
7852,Action@CHI,putting the ball in mom’s mouth
7852,Action@MOT,taking the ball with mouth
7852,Arousal@CHI,middle
7852,ReactionReason@CHI,Prank
7853,Gaze@CHI,mom
7853,Facial@MOT,widely opened eyes
7853,Utterance@CHI,excited breathing
7853,Gaze@MOT,ball
7853,Action@CHI,putting the ball in mom’s mouth
7853,Action@MOT,taking the ball with mouth
7853,Arousal@CHI,middle
7854,Gaze@CHI,mom
7854,Facial@MOT,widely opened eyes
7854,Utterance@CHI,excited breathing
7854,Gaze@MOT,ball
7854,Action@CHI,putting the ball in mom’s mouth
7854,Action@MOT,taking the ball with mouth
7854,Arousal@CHI,middle
7855,Gaze@CHI,mom
7855,Facial@MOT,widely opened eyes
7855,Utterance@CHI,excited breathing
7855,Gaze@MOT,ball
7855,Action@CHI,putting the ball in mom’s mouth
7855,Action@MOT,taking the ball with mouth
7855,Arousal@CHI,middle
7856,Gaze@CHI,mom
7856,Facial@MOT,widely opened eyes
7856,Utterance@CHI,excited breathing
7856,Gaze@MOT,into the distance
7856,Action@CHI,putting the ball in mom’s mouth
7856,Action@MOT,taking the ball with mouth
7856,Arousal@CHI,middle
7857,Gaze@CHI,mom
7857,Facial@MOT,widely opened eyes
7857,Utterance@CHI,excited breathing
7857,Gaze@MOT,into the distance
7857,Action@CHI,putting the ball in mom’s mouth
7857,Action@MOT,taking the ball with mouth
7857,Arousal@CHI,middle
7858,Gaze@CHI,mom
7858,Facial@MOT,widely opened eyes
7858,Utterance@CHI,excited breathing
7858,Gaze@MOT,into the distance
7858,Action@CHI,putting the ball in mom’s mouth
7858,Action@MOT,taking the ball with mouth
7858,Arousal@CHI,middle
7859,Gaze@CHI,mom
7859,Facial@MOT,widely opened eyes
7859,Gaze@MOT,into the distance
7859,Action@CHI,putting the ball in mom’s mouth
7859,Action@MOT,taking the ball with mouth
7859,Laughter@CHI,L
7859,Arousal@CHI,middle
7859,ReactionReason@CHI,Violation of social role schema
7860,Gaze@CHI,mom
7860,Facial@MOT,widely opened eyes
7860,Gaze@MOT,into the distance
7860,Action@CHI,putting the ball in mom’s mouth
7860,Action@MOT,taking the ball with mouth
7860,Laughter@CHI,L
7860,Arousal@CHI,middle
7860,ReactionReason@CHI,Violation of social role schema
7861,Gaze@CHI,mom
7861,Facial@MOT,widely opened eyes
7861,Gaze@MOT,into the distance
7861,Action@CHI,putting the ball in mom’s mouth
7861,Action@MOT,taking the ball with mouth
7861,Laughter@CHI,L
7861,Arousal@CHI,middle
7861,ReactionReason@CHI,Violation of social role schema
7862,Gaze@CHI,mom
7862,Facial@MOT,widely opened eyes
7862,Gaze@MOT,into the distance
7862,Action@CHI,putting the ball in mom’s mouth
7862,Action@MOT,taking the ball with mouth
7862,Laughter@CHI,L
7862,Arousal@CHI,middle
7862,ReactionReason@CHI,Violation of social role schema
7863,Gaze@CHI,mom
7863,Facial@MOT,widely opened eyes
7863,Gaze@MOT,into the distance
7863,Action@CHI,putting the ball in mom’s mouth
7863,Action@MOT,taking the ball with mouth
7863,Laughter@CHI,L
7863,Arousal@CHI,middle
7863,ReactionReason@CHI,Violation of social role schema
7864,Gaze@CHI,mom
7864,Facial@MOT,widely opened eyes
7864,Gaze@MOT,into the distance
7864,Action@CHI,putting the ball in mom’s mouth
7864,Action@MOT,taking the ball with mouth
7864,Laughter@CHI,L
7864,Arousal@CHI,middle
7864,ReactionReason@CHI,Violation of social role schema
7865,Gaze@CHI,mom
7865,Facial@MOT,widely opened eyes
7865,Gaze@MOT,into the distance
7865,Action@CHI,putting the ball in mom’s mouth
7865,Action@MOT,taking the ball with mouth
7865,Laughter@CHI,L
7865,Arousal@CHI,middle
7865,ReactionReason@CHI,Violation of social role schema
7866,Gaze@CHI,mom
7866,Facial@MOT,widely opened eyes
7866,Gaze@MOT,into the distance
7866,Action@CHI,putting the ball in mom’s mouth
7866,Action@MOT,taking the ball with mouth
7866,Laughter@CHI,L
7866,Arousal@CHI,middle
7866,ReactionReason@CHI,Violation of social role schema
7867,Gaze@CHI,mom
7867,Facial@MOT,widely opened eyes
7867,Gaze@MOT,into the distance
7867,Action@CHI,putting the ball in mom’s mouth
7867,Action@MOT,taking the ball with mouth
7867,Laughter@CHI,L
7867,Arousal@CHI,middle
7867,ReactionReason@CHI,Violation of social role schema
7868,Gaze@CHI,mom
7868,Facial@MOT,widely opened eyes
7868,Gaze@MOT,into the distance
7868,Action@CHI,putting the ball in mom’s mouth
7868,Action@MOT,taking the ball with mouth
7868,Laughter@CHI,L
7868,Arousal@CHI,middle
7868,ReactionReason@CHI,Violation of social role schema
7869,Gaze@CHI,mom
7869,Facial@MOT,widely opened eyes
7869,Gaze@MOT,into the distance
7869,Action@CHI,putting the ball in mom’s mouth
7869,Action@MOT,taking the ball with mouth
7869,Laughter@CHI,L
7869,Arousal@CHI,middle
7869,ReactionReason@CHI,Violation of social role schema
7870,Gaze@CHI,mom
7870,Facial@MOT,widely opened eyes
7870,Gaze@MOT,into the distance
7870,Action@CHI,putting the ball in mom’s mouth
7870,Action@MOT,taking the ball with mouth
7870,Laughter@CHI,L
7870,Arousal@CHI,middle
7870,ReactionReason@CHI,Violation of social role schema
7871,Gaze@CHI,mom
7871,Facial@MOT,widely opened eyes
7871,Gaze@MOT,into the distance
7871,Action@CHI,putting the ball in mom’s mouth
7871,Action@MOT,taking the ball with mouth
7871,Laughter@CHI,L
7871,Arousal@CHI,middle
7871,ReactionReason@CHI,Violation of social role schema
7872,Gaze@CHI,mom
7872,Facial@MOT,widely opened eyes
7872,Gaze@MOT,into the distance
7872,Action@CHI,putting the ball in mom’s mouth
7872,Action@MOT,taking the ball with mouth
7872,Laughter@CHI,L
7872,Arousal@CHI,middle
7872,ReactionReason@CHI,Violation of social role schema
7873,Gaze@CHI,mom
7873,Facial@MOT,widely opened eyes
7873,Gaze@MOT,child
7873,Action@CHI,putting the ball in mom’s mouth
7873,Action@MOT,taking the ball with mouth
7873,Laughter@CHI,L
7873,Arousal@CHI,middle
7873,ReactionReason@CHI,Violation of social role schema
7874,Gaze@CHI,mom
7874,Facial@MOT,widely opened eyes
7874,Gaze@MOT,child
7874,Action@CHI,putting the ball in mom’s mouth
7874,Action@MOT,taking the ball with mouth
7874,Laughter@CHI,L
7874,Arousal@CHI,middle
7874,ReactionReason@CHI,Violation of social role schema
7875,Gaze@CHI,mom
7875,Facial@MOT,widely opened eyes
7875,Gaze@MOT,child
7875,Action@CHI,putting the ball in mom’s mouth
7875,Action@MOT,holding the ball in mouth
7875,Laughter@CHI,L
7875,Arousal@CHI,middle
7875,ReactionReason@CHI,Violation of social role schema
7876,Gaze@CHI,mom
7876,Facial@MOT,widely opened eyes
7876,Gaze@MOT,child
7876,Action@CHI,putting the ball in mom’s mouth
7876,Action@MOT,holding the ball in mouth
7876,Laughter@CHI,L
7876,Arousal@CHI,middle
7876,ReactionReason@CHI,Violation of social role schema
7877,Gaze@CHI,mom
7877,Facial@MOT,widely opened eyes
7877,Gaze@MOT,child
7877,Action@MOT,holding the ball in mouth
7877,Laughter@CHI,L
7877,Arousal@CHI,middle
7877,ReactionReason@CHI,Violation of social role schema
7878,Gaze@CHI,mom
7878,Facial@MOT,widely opened eyes
7878,Gaze@MOT,child
7878,Action@MOT,holding the ball in mouth
7878,Laughter@CHI,L
7878,Arousal@CHI,middle
7878,ReactionReason@CHI,Violation of social role schema
7879,Gaze@CHI,mom
7879,Facial@MOT,widely opened eyes
7879,Gaze@MOT,child
7879,Action@MOT,holding the ball in mouth
7879,Laughter@CHI,L
7879,Arousal@CHI,middle
7879,ReactionReason@CHI,Violation of social role schema
7880,Gaze@CHI,mom
7880,Facial@MOT,widely opened eyes
7880,Gaze@MOT,child
7880,Action@MOT,holding the ball in mouth
7880,Laughter@CHI,L
7880,Arousal@CHI,middle
7880,ReactionReason@CHI,Violation of social role schema
7881,Gaze@CHI,mom
7881,Facial@MOT,widely opened eyes
7881,Gaze@MOT,child
7881,Action@MOT,holding the ball in mouth
7881,Laughter@CHI,L
7881,Arousal@CHI,middle
7881,ReactionReason@CHI,Prank
7882,Gaze@CHI,mom
7882,Facial@MOT,widely opened eyes
7882,Gaze@MOT,child
7882,Action@MOT,holding the ball in mouth
7882,Laughter@CHI,L
7882,Arousal@CHI,middle
7882,ReactionReason@CHI,Prank
7883,Gaze@CHI,mom
7883,Facial@MOT,widely opened eyes
7883,Gaze@MOT,child
7883,Action@MOT,holding the ball in mouth
7883,Laughter@CHI,L
7883,Arousal@CHI,middle
7883,ReactionReason@CHI,Prank
7884,Gaze@CHI,mom
7884,Facial@MOT,widely opened eyes
7884,Gaze@MOT,child
7884,Action@MOT,holding the ball in mouth
7884,Laughter@CHI,L
7884,Arousal@CHI,middle
7884,ReactionReason@CHI,Prank
7885,Gaze@CHI,mom
7885,Facial@MOT,widely opened eyes
7885,Gaze@MOT,child
7885,Action@MOT,holding the ball in mouth
7885,Laughter@CHI,L
7885,Arousal@CHI,middle
7885,ReactionReason@CHI,Prank
7886,Gaze@CHI,mom
7886,Facial@MOT,widely opened eyes
7886,Gaze@MOT,child
7886,Action@MOT,holding the ball in mouth
7886,Laughter@CHI,L
7886,Arousal@CHI,middle
7886,ReactionReason@CHI,Prank
7887,Gaze@CHI,mom
7887,Facial@MOT,widely opened eyes
7887,Gaze@MOT,child
7887,Action@MOT,holding the ball in mouth
7887,Laughter@CHI,L
7887,Arousal@CHI,middle
7887,ReactionReason@CHI,Prank
7888,Gaze@CHI,mom
7888,Facial@MOT,widely opened eyes
7888,Gaze@MOT,child
7888,Action@MOT,holding the ball in mouth
7888,Laughter@CHI,L
7888,Arousal@CHI,middle
7888,ReactionReason@CHI,Prank
7889,Gaze@CHI,mom
7889,Facial@MOT,widely opened eyes
7889,Gaze@MOT,child
7889,Action@MOT,holding the ball in mouth
7889,Laughter@CHI,L
7889,Arousal@CHI,middle
7889,ReactionReason@CHI,Prank
7890,Gaze@CHI,mom
7890,Facial@MOT,widely opened eyes
7890,Gaze@MOT,child
7890,Action@MOT,holding the ball in mouth
7890,Laughter@CHI,L
7890,Arousal@CHI,middle
7890,ReactionReason@CHI,Prank
7891,Gaze@CHI,mom
7891,Facial@MOT,widely opened eyes
7891,Gaze@MOT,child
7891,Action@MOT,holding the ball in mouth
7891,Laughter@CHI,L
7891,Arousal@CHI,middle
7891,ReactionReason@CHI,Prank
7892,Gaze@CHI,mom
7892,Facial@MOT,widely opened eyes
7892,Gaze@MOT,child
7892,Action@MOT,holding the ball in mouth
7892,Laughter@CHI,L
7892,Arousal@CHI,middle
7892,ReactionReason@CHI,Prank
7893,Gaze@CHI,mom
7893,Facial@MOT,widely opened eyes
7893,Gaze@MOT,child
7893,Action@MOT,holding the ball in mouth
7893,Laughter@CHI,L
7893,Arousal@CHI,middle
7893,ReactionReason@CHI,Prank
7894,Gaze@CHI,mom
7894,Facial@MOT,widely opened eyes
7894,Gaze@MOT,child
7894,Action@MOT,holding the ball in mouth
7894,Laughter@CHI,L
7894,Arousal@CHI,middle
7894,ReactionReason@CHI,Prank
7895,Gaze@CHI,mom
7895,Facial@MOT,widely opened eyes
7895,Gaze@MOT,child
7895,Action@MOT,holding the ball in mouth
7895,Laughter@CHI,L
7895,Arousal@CHI,middle
7895,ReactionReason@CHI,Prank
7896,Gaze@CHI,mom
7896,Facial@MOT,widely opened eyes
7896,Gaze@MOT,child
7896,Action@MOT,holding the ball in mouth
7896,Laughter@CHI,L
7896,Arousal@CHI,middle
7896,ReactionReason@CHI,Prank
7897,Gaze@CHI,mom
7897,Facial@MOT,widely opened eyes
7897,Gaze@MOT,child
7897,Action@MOT,spitting out the ball
7897,Laughter@CHI,L
7897,Laughable@CHI,mom spits the ball out of the mouth
7897,Arousal@CHI,middle
7897,ReactionReason@CHI,Prank
7898,Gaze@CHI,mom
7898,Facial@MOT,widely opened eyes
7898,Gaze@MOT,ball
7898,Action@MOT,spitting out the ball
7898,Laughter@CHI,L
7898,Laughable@CHI,mom spits the ball out of the mouth
7898,Arousal@CHI,middle
7898,ReactionReason@CHI,Prank
7899,Gaze@CHI,mom
7899,Facial@MOT,widely opened eyes
7899,Gaze@MOT,ball
7899,Action@MOT,spitting out the ball
7899,Laughter@CHI,L
7899,Laughable@CHI,mom spits the ball out of the mouth
7899,Arousal@CHI,middle
7899,ReactionReason@CHI,Prank
7900,Gaze@CHI,mom
7900,Facial@MOT,widely opened eyes
7900,Gaze@MOT,ball
7900,Laughter@CHI,L
7900,Laughable@CHI,mom spits the ball out of the mouth
7900,Arousal@CHI,middle
7900,ReactionReason@CHI,Prank
7901,Gaze@CHI,mom
7901,Facial@MOT,smile showing teeth
7901,Gaze@MOT,child
7901,Laughter@CHI,L
7901,Arousal@CHI,middle
7901,ReactionReason@CHI,Prank
7902,Gaze@CHI,mom
7902,Facial@MOT,smile showing teeth
7902,Gaze@MOT,child
7902,Laughter@CHI,L
7902,Arousal@CHI,high
7902,ReactionReason@CHI,Prank
7903,Gaze@CHI,mom
7903,Facial@MOT,smile showing teeth
7903,Gaze@MOT,child
7903,Laughter@CHI,L
7903,Arousal@CHI,high
7903,ReactionReason@CHI,Prank
7904,Gaze@CHI,mom
7904,Facial@MOT,smile showing teeth
7904,Gaze@MOT,child
7904,Laughter@CHI,L
7904,Arousal@CHI,high
7904,ReactionReason@CHI,Prank
7905,Gaze@CHI,mom
7905,Facial@MOT,smile showing teeth
7905,Gaze@MOT,child
7905,Laughter@CHI,L
7905,Arousal@CHI,high
7905,ReactionReason@CHI,Prank
7906,Gaze@CHI,mom
7906,Facial@MOT,smile showing teeth
7906,Gaze@MOT,child
7906,Laughter@CHI,L
7906,Arousal@CHI,high
7906,ReactionReason@CHI,Prank
7907,Gaze@CHI,mom
7907,Facial@MOT,smile showing teeth
7907,Gaze@MOT,child
7907,Laughter@CHI,L
7907,Arousal@CHI,high
7907,ReactionReason@CHI,Prank
7908,Gaze@CHI,mom
7908,Facial@MOT,smile showing teeth
7908,Gaze@MOT,child
7908,Laughter@CHI,L
7908,Laughter@MOT,L
7908,Arousal@CHI,high
7908,ReactionReason@CHI,Prank
7909,Gaze@CHI,mom
7909,Facial@MOT,smile showing teeth
7909,Gaze@MOT,child
7909,Laughter@CHI,L
7909,Laughter@MOT,L
7909,Arousal@CHI,high
7909,ReactionReason@CHI,Prank
7910,Gaze@CHI,mom
7910,Facial@MOT,smile showing teeth
7910,Gaze@MOT,child
7910,Laughter@CHI,L
7910,Laughter@MOT,L
7910,Arousal@CHI,high
7910,ReactionReason@CHI,Prank
7911,Gaze@CHI,mom
7911,Facial@MOT,smile showing teeth
7911,Gaze@MOT,child
7911,Laughter@CHI,L
7911,Laughter@MOT,L
7911,Arousal@CHI,high
7911,ReactionReason@CHI,Prank
7912,Gaze@CHI,mom
7912,Facial@MOT,smile showing teeth
7912,Gaze@MOT,child
7912,Laughter@CHI,L
7912,Laughter@MOT,L
7912,Arousal@CHI,high
7912,ReactionReason@CHI,Prank
7913,Gaze@CHI,mom
7913,Facial@MOT,smile showing teeth
7913,Gaze@MOT,child
7913,Laughter@CHI,L
7913,Laughter@MOT,L
7913,Arousal@CHI,high
7913,ReactionReason@CHI,Prank
7914,Gaze@CHI,mom
7914,Facial@MOT,smile showing teeth
7914,Gaze@MOT,child
7914,Laughter@CHI,L
7914,Laughter@MOT,L
7914,Arousal@CHI,high
7914,ReactionReason@CHI,Prank
7915,Gaze@CHI,mom
7915,Facial@MOT,smile showing teeth
7915,Gaze@MOT,child
7915,Laughter@CHI,L
7915,Laughter@MOT,L
7915,Arousal@CHI,high
7915,ReactionReason@CHI,Prank
7916,Gaze@CHI,mom
7916,Facial@MOT,smile showing teeth
7916,Gaze@MOT,child
7916,Laughter@CHI,L
7916,Laughter@MOT,L
7916,Arousal@CHI,high
7916,ReactionReason@CHI,Prank
7917,Gaze@CHI,mom
7917,Facial@MOT,smile showing teeth
7917,Gaze@MOT,child
7917,Laughter@CHI,L
7917,Laughter@MOT,L
7917,Arousal@CHI,high
7917,ReactionReason@CHI,Prank
7918,Gaze@CHI,mom
7918,Facial@MOT,smile showing teeth
7918,Gaze@MOT,child
7918,Laughter@CHI,L
7918,Laughter@MOT,L
7918,Arousal@CHI,high
7918,ReactionReason@CHI,Prank
7919,Gaze@CHI,mom
7919,Facial@MOT,smile showing teeth
7919,Gaze@MOT,child
7919,Laughter@CHI,L
7919,Laughter@MOT,L
7919,Arousal@CHI,high
7919,ReactionReason@CHI,Prank
7920,Gaze@CHI,mom
7920,Facial@MOT,smile showing teeth
7920,Gaze@MOT,child
7920,Laughter@CHI,L
7920,Laughter@MOT,L
7920,Arousal@CHI,high
7920,ReactionReason@CHI,Prank
7921,Gaze@CHI,mom
7921,Facial@MOT,smile showing teeth
7921,Gaze@MOT,child
7921,Laughter@CHI,L
7921,Arousal@CHI,high
7921,ReactionReason@CHI,Prank
7922,Gaze@CHI,mom
7922,Facial@MOT,smile showing teeth
7922,Gaze@MOT,child
7922,Laughter@CHI,L
7922,Arousal@CHI,high
7922,ReactionReason@CHI,Prank
7923,Gaze@CHI,mom
7923,Facial@MOT,smile showing teeth
7923,Gaze@MOT,child
7923,Laughter@CHI,L
7923,Arousal@CHI,high
7923,ReactionReason@CHI,Prank
7924,Gaze@CHI,mom
7924,Facial@MOT,smile showing teeth
7924,Gaze@MOT,child
7924,Laughter@CHI,L
7924,Arousal@CHI,high
7924,ReactionReason@CHI,Prank
7925,Gaze@CHI,floor
7925,Facial@MOT,invisible
7925,Gaze@MOT,child
7925,Laughter@CHI,L
7925,Arousal@CHI,high
7925,ReactionReason@CHI,Prank
7926,Gaze@CHI,floor
7926,Facial@MOT,invisible
7926,Gaze@MOT,child
7926,Action@CHI,looking for the ball
7926,Laughter@CHI,L
7926,Arousal@CHI,high
7926,ReactionReason@CHI,Prank
7927,Gaze@CHI,floor
7927,Facial@MOT,invisible
7927,Gaze@MOT,child
7927,Action@CHI,looking for the ball
7927,Laughter@CHI,L
7927,Arousal@CHI,high
7927,ReactionReason@CHI,Prank
7928,Gaze@CHI,floor
7928,Facial@MOT,invisible
7928,Gaze@MOT,child
7928,Action@CHI,looking for the ball
7928,Laughter@CHI,L
7928,Arousal@CHI,high
7928,ReactionReason@CHI,Prank
7929,Gaze@CHI,floor
7929,Facial@MOT,invisible
7929,Gaze@MOT,child
7929,Action@CHI,looking for the ball
7930,Gaze@CHI,floor
7930,Facial@MOT,invisible
7930,Gaze@MOT,child
7930,Action@CHI,looking for the ball
7931,Gaze@CHI,floor
7931,Facial@MOT,invisible
7931,Gaze@MOT,invisible
7931,Action@CHI,looking for the ball
7932,Gaze@CHI,floor
7932,Facial@MOT,invisible
7932,Gaze@MOT,invisible
7932,Action@CHI,looking for the ball
7933,Gaze@CHI,floor
7933,Facial@MOT,invisible
7933,Gaze@MOT,invisible
7933,Action@CHI,looking for the ball
7934,Gaze@CHI,floor
7934,Facial@MOT,invisible
7934,Gaze@MOT,invisible
7934,Action@CHI,looking for the ball
7935,Gaze@CHI,floor
7935,Facial@MOT,invisible
7935,Gaze@MOT,invisible
7935,Action@CHI,looking for the ball
7936,Gaze@CHI,floor
7936,Facial@MOT,invisible
7936,Gaze@MOT,invisible
7936,Action@CHI,looking for the ball
7937,Gaze@CHI,floor
7937,Facial@MOT,invisible
7937,Gaze@MOT,invisible
7937,Action@CHI,looking for the ball
7938,Gaze@CHI,floor
7938,Facial@MOT,invisible
7938,Gaze@MOT,invisible
7938,Action@CHI,looking for the ball
7939,Gaze@CHI,floor
7939,Facial@MOT,invisible
7939,Gaze@MOT,invisible
7939,Action@CHI,looking for the ball
7940,Gaze@CHI,floor
7940,Facial@MOT,invisible
7940,Gaze@MOT,invisible
7940,Action@CHI,looking for the ball
7941,Gaze@CHI,floor
7941,Facial@MOT,invisible
7941,Gaze@MOT,invisible
7941,Action@CHI,looking for the ball
7942,Gaze@CHI,floor
7942,Facial@MOT,invisible
7942,Gaze@MOT,invisible
7942,Action@CHI,looking for the ball
7943,Gaze@CHI,ball
7943,Facial@MOT,invisible
7943,Gaze@MOT,invisible
7943,Action@CHI,picking up the ball
7944,Gaze@CHI,ball
7944,Facial@MOT,invisible
7944,Gaze@MOT,invisible
7944,Action@CHI,picking up the ball
7945,Gaze@CHI,ball
7945,Facial@MOT,invisible
7945,Gaze@MOT,invisible
7945,Action@CHI,picking up the ball
7946,Gaze@CHI,ball
7946,Facial@MOT,invisible
7946,Gaze@MOT,invisible
7946,Action@CHI,picking up the ball
7947,Gaze@CHI,ball
7947,Facial@MOT,invisible
7947,Gaze@MOT,invisible
7947,Action@CHI,picking up the ball
7948,Gaze@CHI,ball
7948,Facial@MOT,invisible
7948,Gaze@MOT,invisible
7948,Action@CHI,picking up the ball
7949,Gaze@CHI,ball
7949,Facial@MOT,invisible
7949,Gaze@MOT,invisible
7949,Action@CHI,picking up the ball
7950,Gaze@CHI,ball
7950,Facial@MOT,invisible
7950,Gaze@MOT,invisible
7950,Action@CHI,picking up the ball
7951,Gaze@CHI,ball
7951,Facial@MOT,invisible
7951,Gaze@MOT,invisible
7951,Action@CHI,picking up the ball
7951,Laughable@MOT,baby's exciting laugh
7952,Gaze@CHI,ball
7952,Facial@MOT,invisible
7952,Gaze@MOT,invisible
7952,Action@CHI,picking up the ball
7952,Laughter@CHI,L
7952,Laughable@MOT,baby's exciting laugh
7952,Arousal@CHI,middle
7952,ReactionReason@CHI,Prank
7953,Gaze@CHI,ball
7953,Facial@MOT,invisible
7953,Gaze@MOT,invisible
7953,Action@CHI,picking up the ball
7953,Laughter@CHI,L
7953,Laughable@MOT,baby's exciting laugh
7953,Arousal@CHI,middle
7953,ReactionReason@CHI,Prank
7954,Gaze@CHI,mom
7954,Facial@MOT,invisible
7954,Gaze@MOT,invisible
7954,Action@CHI,picking up the ball
7954,Laughter@CHI,L
7954,Laughable@MOT,baby's exciting laugh
7954,Arousal@CHI,middle
7954,ReactionReason@CHI,Prank
7955,Gaze@CHI,mom
7955,Facial@MOT,invisible
7955,Gaze@MOT,invisible
7955,Action@CHI,picking up the ball
7955,Laughter@CHI,L
7955,Laughable@MOT,baby's exciting laugh
7955,Arousal@CHI,middle
7955,ReactionReason@CHI,Prank
7956,Gaze@CHI,mom
7956,Facial@MOT,invisible
7956,Gaze@MOT,invisible
7956,Action@CHI,giving the ball to mom
7956,Laughter@CHI,L
7956,Laughable@MOT,baby's exciting laugh
7956,Arousal@CHI,middle
7956,ReactionReason@CHI,Prank
7957,Gaze@CHI,mom
7957,Facial@MOT,invisible
7957,Gaze@MOT,child
7957,Action@CHI,giving the ball to mom
7957,Laughter@CHI,L
7957,Laughable@MOT,baby's exciting laugh
7957,Arousal@CHI,middle
7957,ReactionReason@CHI,Prank
7958,Gaze@CHI,mom
7958,Facial@MOT,neutral
7958,Gaze@MOT,child
7958,Action@CHI,giving the ball to mom
7958,Laughter@CHI,L
7958,Laughable@MOT,baby's exciting laugh
7958,Arousal@CHI,middle
7958,ReactionReason@CHI,Prank
7959,Gaze@CHI,mom
7959,Facial@MOT,neutral
7959,Gaze@MOT,child
7959,Action@CHI,giving the ball to mom
7959,Laughter@CHI,L
7959,Laughable@MOT,baby's exciting laugh
7959,Arousal@CHI,middle
7959,ReactionReason@CHI,Prank
7960,Gaze@CHI,mom
7960,Facial@MOT,neutral
7960,Gaze@MOT,child
7960,Action@CHI,giving the ball to mom
7960,Laughter@CHI,L
7960,Laughable@MOT,baby's exciting laugh
7960,Arousal@CHI,middle
7960,ReactionReason@CHI,Prank
7961,Gaze@CHI,mom
7961,Facial@MOT,neutral
7961,Gaze@MOT,child
7961,Action@CHI,giving the ball to mom
7961,Laughter@CHI,L
7961,Laughable@MOT,baby's exciting laugh
7961,Arousal@CHI,middle
7961,ReactionReason@CHI,Prank
7962,Gaze@CHI,mom
7962,Facial@MOT,neutral
7962,Gaze@MOT,child
7962,Action@CHI,giving the ball to mom
7962,Action@MOT,moving towards the ball to take it
7962,Laughter@CHI,L
7962,Laughable@MOT,baby's exciting laugh
7962,Arousal@CHI,middle
7962,ReactionReason@CHI,Prank
7963,Gaze@CHI,mom
7963,Facial@MOT,neutral
7963,Gaze@MOT,child
7963,Action@CHI,giving the ball to mom
7963,Action@MOT,moving towards the ball to take it
7963,Laughter@CHI,L
7963,Laughable@MOT,baby's exciting laugh
7963,Arousal@CHI,middle
7963,ReactionReason@CHI,Prank
7964,Gaze@CHI,mom
7964,Facial@MOT,O-shaped mouth
7964,Gaze@MOT,child
7964,Action@CHI,giving the ball to mom
7964,Action@MOT,moving towards the ball to take it
7964,Laughter@CHI,L
7964,Laughable@MOT,baby's exciting laugh
7964,Arousal@CHI,middle
7964,ReactionReason@CHI,Prank
7965,Gaze@CHI,mom
7965,Facial@MOT,O-shaped mouth
7965,Gaze@MOT,child
7965,Action@CHI,giving the ball to mom
7965,Action@MOT,moving towards the ball to take it
7965,Laughter@CHI,L
7965,Laughable@MOT,baby's exciting laugh
7965,Arousal@CHI,middle
7965,ReactionReason@CHI,Prank
7966,Gaze@CHI,mom
7966,Facial@MOT,O-shaped mouth
7966,Gaze@MOT,child
7966,Action@CHI,giving the ball to mom
7966,Action@MOT,moving towards the ball to take it
7966,Laughter@CHI,L
7966,Laughable@MOT,baby's exciting laugh
7966,Arousal@CHI,middle
7966,ReactionReason@CHI,Prank
7967,Gaze@CHI,mom
7967,Facial@MOT,O-shaped mouth
7967,Gaze@MOT,ball
7967,Action@CHI,giving the ball to mom
7967,Action@MOT,moving towards the ball to take it
7967,Laughter@CHI,L
7967,Laughable@MOT,baby's exciting laugh
7967,Arousal@CHI,high
7967,ReactionReason@CHI,Violation of social role schema
7968,Gaze@CHI,mom
7968,Facial@MOT,O-shaped mouth
7968,Gaze@MOT,ball
7968,Action@CHI,giving the ball to mom
7968,Action@MOT,moving towards the ball to take it
7968,Laughter@CHI,L
7968,Laughable@MOT,baby's exciting laugh
7968,Arousal@CHI,high
7968,ReactionReason@CHI,Violation of social role schema
7969,Gaze@CHI,mom
7969,Facial@MOT,O-shaped mouth
7969,Gaze@MOT,ball
7969,Action@CHI,giving the ball to mom
7969,Action@MOT,moving towards the ball to take it
7969,Laughter@CHI,L
7969,Laughable@MOT,baby's exciting laugh
7969,Arousal@CHI,high
7969,ReactionReason@CHI,Violation of social role schema
7970,Gaze@CHI,mom
7970,Facial@MOT,O-shaped mouth
7970,Gaze@MOT,ball
7970,Action@CHI,giving the ball to mom
7970,Action@MOT,moving towards the ball to take it
7970,Laughter@CHI,L
7970,Laughable@MOT,baby's exciting laugh
7970,Arousal@CHI,high
7970,ReactionReason@CHI,Violation of social role schema
7971,Gaze@CHI,mom
7971,Facial@MOT,O-shaped mouth
7971,Gaze@MOT,ball
7971,Action@CHI,giving the ball to mom
7971,Action@MOT,taking the ball with mouth
7971,Laughter@CHI,L
7971,Laughable@MOT,baby's exciting laugh
7971,Arousal@CHI,high
7971,ReactionReason@CHI,Violation of social role schema
7972,Gaze@CHI,mom
7972,Facial@MOT,O-shaped mouth
7972,Gaze@MOT,ball
7972,Action@CHI,giving the ball to mom
7972,Action@MOT,taking the ball with mouth
7972,Laughter@CHI,L
7972,Laughable@MOT,baby's exciting laugh
7972,Arousal@CHI,high
7972,ReactionReason@CHI,Violation of social role schema
7973,Gaze@CHI,mom
7973,Facial@MOT,O-shaped mouth
7973,Gaze@MOT,ball
7973,Action@CHI,putting the ball in mom’s mouth
7973,Action@MOT,taking the ball with mouth
7973,Laughter@CHI,L
7973,Laughable@MOT,baby's exciting laugh
7973,Arousal@CHI,high
7973,ReactionReason@CHI,Violation of social role schema
7974,Gaze@CHI,mom
7974,Facial@MOT,O-shaped mouth
7974,Gaze@MOT,ball
7974,Action@CHI,putting the ball in mom’s mouth
7974,Action@MOT,taking the ball with mouth
7974,Laughter@CHI,L
7974,Laughable@MOT,baby's exciting laugh
7974,Arousal@CHI,high
7974,ReactionReason@CHI,Violation of social role schema
7975,Gaze@CHI,mom
7975,Facial@MOT,O-shaped mouth
7975,Gaze@MOT,ball
7975,Action@CHI,putting the ball in mom’s mouth
7975,Action@MOT,taking the ball with mouth
7975,Laughter@CHI,L
7975,Laughable@MOT,baby's exciting laugh
7975,Arousal@CHI,high
7975,ReactionReason@CHI,Violation of social role schema
7976,Gaze@CHI,mom
7976,Facial@MOT,O-shaped mouth
7976,Gaze@MOT,ball
7976,Action@CHI,putting the ball in mom’s mouth
7976,Action@MOT,taking the ball with mouth
7976,Laughter@CHI,L
7976,Laughable@MOT,baby's exciting laugh
7976,Arousal@CHI,high
7976,ReactionReason@CHI,Violation of social role schema
7977,Gaze@CHI,mom
7977,Facial@MOT,O-shaped mouth
7977,Gaze@MOT,into the distance
7977,Action@CHI,putting the ball in mom’s mouth
7977,Action@MOT,taking the ball with mouth
7977,Laughter@CHI,L
7977,Laughable@MOT,baby's exciting laugh
7977,Arousal@CHI,high
7977,ReactionReason@CHI,Violation of social role schema
7978,Gaze@CHI,mom
7978,Facial@MOT,O-shaped mouth
7978,Gaze@MOT,into the distance
7978,Action@CHI,putting the ball in mom’s mouth
7978,Action@MOT,taking the ball with mouth
7978,Laughter@CHI,L
7978,Laughable@MOT,baby's exciting laugh
7978,Arousal@CHI,high
7978,ReactionReason@CHI,Violation of social role schema
7979,Gaze@CHI,mom
7979,Facial@MOT,O-shaped mouth
7979,Gaze@MOT,into the distance
7979,Action@CHI,putting the ball in mom’s mouth
7979,Action@MOT,taking the ball with mouth
7979,Laughter@CHI,L
7979,Laughable@MOT,baby's exciting laugh
7979,Arousal@CHI,high
7979,ReactionReason@CHI,Violation of social role schema
7980,Gaze@CHI,mom
7980,Facial@MOT,O-shaped mouth
7980,Gaze@MOT,into the distance
7980,Action@CHI,putting the ball in mom’s mouth
7980,Action@MOT,taking the ball with mouth
7980,Laughter@CHI,L
7980,Laughable@MOT,baby's exciting laugh
7980,Arousal@CHI,high
7980,ReactionReason@CHI,Violation of social role schema
7981,Gaze@CHI,mom
7981,Facial@MOT,O-shaped mouth
7981,Gaze@MOT,into the distance
7981,Action@CHI,putting the ball in mom’s mouth
7981,Action@MOT,taking the ball with mouth
7981,Laughter@CHI,L
7981,Laughable@MOT,baby's exciting laugh
7981,Arousal@CHI,high
7981,ReactionReason@CHI,Violation of social role schema
7982,Gaze@CHI,mom
7982,Facial@MOT,O-shaped mouth
7982,Gaze@MOT,into the distance
7982,Action@CHI,putting the ball in mom’s mouth
7982,Action@MOT,taking the ball with mouth
7982,Laughter@CHI,L
7982,Laughable@MOT,baby's exciting laugh
7982,Arousal@CHI,high
7982,ReactionReason@CHI,Violation of social role schema
7983,Gaze@CHI,mom
7983,Facial@MOT,O-shaped mouth
7983,Gaze@MOT,into the distance
7983,Action@CHI,putting the ball in mom’s mouth
7983,Action@MOT,taking the ball with mouth
7983,Laughter@CHI,L
7983,Laughable@MOT,baby's exciting laugh
7983,Arousal@CHI,high
7983,ReactionReason@CHI,Violation of social role schema
7984,Gaze@CHI,mom
7984,Facial@MOT,O-shaped mouth
7984,Gaze@MOT,invisible
7984,Action@CHI,putting the ball in mom’s mouth
7984,Action@MOT,taking the ball with mouth
7984,Laughter@CHI,L
7984,Laughable@MOT,baby's exciting laugh
7984,Arousal@CHI,high
7984,ReactionReason@CHI,Violation of social role schema
7985,Gaze@CHI,mom
7985,Facial@MOT,O-shaped mouth
7985,Gaze@MOT,invisible
7985,Action@CHI,putting the ball in mom’s mouth
7985,Action@MOT,taking the ball with mouth
7985,Laughter@CHI,L
7985,Laughable@MOT,baby's exciting laugh
7985,Arousal@CHI,high
7985,ReactionReason@CHI,Violation of social role schema
7986,Gaze@CHI,mom
7986,Facial@MOT,O-shaped mouth
7986,Gaze@MOT,invisible
7986,Action@CHI,putting the ball in mom’s mouth
7986,Action@MOT,taking the ball with mouth
7986,Laughter@CHI,L
7986,Laughable@MOT,baby's exciting laugh
7986,Arousal@CHI,high
7986,ReactionReason@CHI,Violation of social role schema
7987,Gaze@CHI,mom
7987,Facial@MOT,neutral
7987,Gaze@MOT,invisible
7987,Action@CHI,putting the ball in mom’s mouth
7987,Action@MOT,taking the ball with mouth
7987,Laughter@CHI,L
7987,Laughable@MOT,baby's exciting laugh
7987,Arousal@CHI,high
7987,ReactionReason@CHI,Violation of social role schema
7988,Gaze@CHI,mom
7988,Facial@MOT,neutral
7988,Gaze@MOT,invisible
7988,Action@CHI,putting the ball in mom’s mouth
7988,Laughter@CHI,L
7988,Laughable@MOT,baby's exciting laugh
7988,Arousal@CHI,high
7988,ReactionReason@CHI,Violation of social role schema
7989,Gaze@CHI,mom
7989,Facial@MOT,neutral
7989,Gaze@MOT,invisible
7989,Action@CHI,putting the ball in mom’s mouth
7989,Action@MOT,holding the ball in mouth
7989,Laughter@CHI,L
7989,Laughable@MOT,baby's exciting laugh
7989,Arousal@CHI,high
7989,ReactionReason@CHI,Violation of social role schema
7990,Gaze@CHI,mom
7990,Facial@MOT,neutral
7990,Gaze@MOT,invisible
7990,Action@MOT,holding the ball in mouth
7990,Laughter@CHI,L
7990,Laughable@MOT,baby's exciting laugh
7990,Arousal@CHI,high
7990,ReactionReason@CHI,Violation of social role schema
7991,Gaze@CHI,mom
7991,Facial@MOT,neutral
7991,Gaze@MOT,invisible
7991,Action@MOT,holding the ball in mouth
7991,Laughter@CHI,L
7991,Laughable@MOT,baby's exciting laugh
7991,Arousal@CHI,high
7991,ReactionReason@CHI,Violation of social role schema
7992,Gaze@CHI,mom
7992,Facial@MOT,neutral
7992,Gaze@MOT,invisible
7992,Action@MOT,holding the ball in mouth
7992,Laughter@CHI,L
7992,Laughable@MOT,baby's exciting laugh
7992,Arousal@CHI,high
7992,ReactionReason@CHI,Violation of social role schema
7993,Gaze@CHI,mom
7993,Facial@MOT,neutral
7993,Gaze@MOT,invisible
7993,Action@MOT,holding the ball in mouth
7993,Laughter@CHI,L
7993,Laughable@MOT,baby's exciting laugh
7993,Arousal@CHI,high
7993,ReactionReason@CHI,Violation of social role schema
7994,Gaze@CHI,mom
7994,Facial@MOT,neutral
7994,Gaze@MOT,invisible
7994,Action@MOT,holding the ball in mouth
7994,Laughter@CHI,L
7994,Laughable@MOT,baby's exciting laugh
7994,Arousal@CHI,high
7994,ReactionReason@CHI,Violation of social role schema
7995,Gaze@CHI,mom
7995,Facial@MOT,neutral
7995,Gaze@MOT,invisible
7995,Action@MOT,holding the ball in mouth
7995,Laughter@CHI,L
7995,Laughable@MOT,baby's exciting laugh
7995,Arousal@CHI,high
7995,ReactionReason@CHI,Violation of social role schema
7996,Gaze@CHI,mom
7996,Facial@MOT,neutral
7996,Gaze@MOT,child
7996,Action@MOT,holding the ball in mouth
7996,Laughter@CHI,L
7996,Laughable@MOT,baby's exciting laugh
7996,Arousal@CHI,high
7996,ReactionReason@CHI,Violation of social role schema
7997,Gaze@CHI,mom
7997,Facial@MOT,neutral
7997,Gaze@MOT,child
7997,Action@MOT,holding the ball in mouth
7997,Laughter@CHI,L
7997,Laughable@MOT,baby's exciting laugh
7997,Arousal@CHI,high
7997,ReactionReason@CHI,Violation of social role schema
7998,Gaze@CHI,mom
7998,Facial@MOT,neutral
7998,Gaze@MOT,child
7998,Action@MOT,holding the ball in mouth
7998,Laughter@CHI,L
7998,Laughable@MOT,baby's exciting laugh
7998,Arousal@CHI,high
7998,ReactionReason@CHI,Violation of social role schema
7999,Gaze@CHI,mom
7999,Facial@MOT,neutral
7999,Gaze@MOT,child
7999,Action@MOT,holding the ball in mouth
7999,Laughter@CHI,L
7999,Laughable@MOT,baby's exciting laugh
7999,Arousal@CHI,high
7999,ReactionReason@CHI,Violation of social role schema
8000,Gaze@CHI,mom
8000,Facial@MOT,neutral
8000,Gaze@MOT,child
8000,Action@MOT,holding the ball in mouth
8000,Laughter@CHI,L
8000,Laughable@MOT,baby's exciting laugh
8000,Arousal@CHI,high
8000,ReactionReason@CHI,Violation of social role schema
8001,Gaze@CHI,mom
8001,Facial@MOT,neutral
8001,Gaze@MOT,child
8001,Action@MOT,holding the ball in mouth
8001,Laughter@CHI,L
8001,Laughable@MOT,baby's exciting laugh
8001,Arousal@CHI,high
8001,ReactionReason@CHI,Violation of social role schema
8002,Gaze@CHI,mom
8002,Facial@MOT,neutral
8002,Gaze@MOT,child
8002,Action@MOT,holding the ball in mouth
8002,Laughter@CHI,L
8002,Laughable@MOT,baby's exciting laugh
8002,Arousal@CHI,high
8002,ReactionReason@CHI,Violation of social role schema
8003,Gaze@CHI,mom
8003,Facial@MOT,neutral
8003,Gaze@MOT,child
8003,Action@MOT,holding the ball in mouth
8003,Laughter@CHI,L
8003,Laughable@MOT,baby's exciting laugh
8003,Arousal@CHI,high
8003,ReactionReason@CHI,Violation of social role schema
8004,Gaze@CHI,mom
8004,Facial@MOT,neutral
8004,Gaze@MOT,child
8004,Action@MOT,holding the ball in mouth
8004,Laughter@CHI,L
8004,Laughable@MOT,baby's exciting laugh
8004,Arousal@CHI,high
8004,ReactionReason@CHI,Violation of social role schema
8005,Gaze@CHI,mom
8005,Facial@MOT,neutral
8005,Gaze@MOT,child
8005,Action@MOT,holding the ball in mouth
8005,Laughter@CHI,L
8005,Laughable@MOT,baby's exciting laugh
8005,Arousal@CHI,high
8005,ReactionReason@CHI,Violation of social role schema
8006,Gaze@CHI,mom
8006,Facial@MOT,neutral
8006,Gaze@MOT,child
8006,Action@MOT,holding the ball in mouth
8006,Laughter@CHI,L
8006,Laughable@MOT,baby's exciting laugh
8006,Arousal@CHI,high
8006,ReactionReason@CHI,Violation of social role schema
8007,Gaze@CHI,mom
8007,Facial@MOT,neutral
8007,Gaze@MOT,child
8007,Action@MOT,holding the ball in mouth
8007,Laughter@CHI,L
8007,Laughable@MOT,baby's exciting laugh
8007,Arousal@CHI,high
8007,ReactionReason@CHI,Violation of social role schema
8008,Gaze@CHI,mom
8008,Facial@MOT,neutral
8008,Gaze@MOT,child
8008,Action@MOT,holding the ball in mouth
8008,Laughter@CHI,L
8008,Laughable@MOT,baby's exciting laugh
8008,Arousal@CHI,high
8008,ReactionReason@CHI,Violation of social role schema
8009,Gaze@CHI,mom
8009,Facial@MOT,neutral
8009,Gaze@MOT,child
8009,Action@MOT,holding the ball in mouth
8009,Laughter@CHI,L
8009,Laughable@MOT,baby's exciting laugh
8009,Arousal@CHI,high
8009,ReactionReason@CHI,Violation of social role schema
8010,Gaze@CHI,mom
8010,Facial@MOT,neutral
8010,Gaze@MOT,child
8010,Action@MOT,holding the ball in mouth
8010,Laughter@CHI,L
8010,Laughable@MOT,baby's exciting laugh
8010,Arousal@CHI,high
8010,ReactionReason@CHI,Violation of social role schema
8011,Gaze@CHI,mom
8011,Facial@MOT,neutral
8011,Gaze@MOT,dad
8011,Action@MOT,attracting dad's attention to the game
8011,Laughter@CHI,L
8011,Laughable@MOT,baby's exciting laugh
8011,Arousal@CHI,high
8011,ReactionReason@CHI,Violation of social role schema
8012,Gaze@CHI,mom
8012,Facial@MOT,neutral
8012,Gaze@MOT,dad
8012,Action@MOT,attracting dad's attention to the game
8012,Laughter@CHI,L
8012,Laughable@MOT,baby's exciting laugh
8012,Arousal@CHI,high
8012,ReactionReason@CHI,Violation of social role schema
8013,Gaze@CHI,mom
8013,Facial@MOT,neutral
8013,Gaze@MOT,dad
8013,Action@MOT,attracting dad's attention to the game
8013,Laughable@MOT,baby's exciting laugh
8014,Gaze@CHI,mom
8014,Facial@MOT,neutral
8014,Gaze@MOT,dad
8014,Action@MOT,attracting dad's attention to the game
8014,Laughable@MOT,baby's exciting laugh
8015,Gaze@CHI,mom
8015,Facial@MOT,neutral
8015,Gaze@MOT,dad
8015,Action@MOT,attracting dad's attention to the game
8015,Laughable@MOT,baby's exciting laugh
8016,Gaze@CHI,mom
8016,Facial@MOT,neutral
8016,Gaze@MOT,dad
8016,Action@MOT,attracting dad's attention to the game
8016,Laughable@MOT,baby's exciting laugh
8017,Gaze@CHI,mom
8017,Facial@MOT,neutral
8017,Gaze@MOT,dad
8017,Action@MOT,attracting dad's attention to the game
8017,Laughable@MOT,baby's exciting laugh
8018,Gaze@CHI,mom
8018,Facial@MOT,neutral
8018,Gaze@MOT,dad
8018,Action@MOT,attracting dad's attention to the game
8018,Laughter@CHI,L
8018,Laughable@MOT,baby's exciting laugh
8018,Arousal@CHI,high
8018,ReactionReason@CHI,Violation of social role schema
8019,Gaze@CHI,mom
8019,Facial@MOT,neutral
8019,Gaze@MOT,dad
8019,Action@MOT,attracting dad's attention to the game
8019,Laughter@CHI,L
8019,Laughable@MOT,baby's exciting laugh
8019,Arousal@CHI,high
8019,ReactionReason@CHI,Violation of social role schema
8020,Gaze@CHI,mom
8020,Facial@MOT,neutral
8020,Gaze@MOT,dad
8020,Action@MOT,attracting dad's attention to the game
8020,Laughter@CHI,L
8020,Laughable@MOT,baby's exciting laugh
8020,Arousal@CHI,high
8020,ReactionReason@CHI,Violation of social role schema
8021,Gaze@CHI,mom
8021,Facial@MOT,neutral
8021,Gaze@MOT,dad
8021,Action@MOT,attracting dad's attention to the game
8021,Laughter@CHI,L
8021,Laughable@MOT,baby's exciting laugh
8021,Arousal@CHI,high
8021,ReactionReason@CHI,Violation of social role schema
8022,Gaze@CHI,mom
8022,Facial@MOT,neutral
8022,Gaze@MOT,dad
8022,Action@MOT,attracting dad's attention to the game
8022,Laughter@CHI,L
8022,Laughable@MOT,baby's exciting laugh
8022,Arousal@CHI,high
8022,ReactionReason@CHI,Violation of social role schema
8023,Gaze@CHI,mom
8023,Facial@MOT,neutral
8023,Gaze@MOT,dad
8023,Action@MOT,attracting dad's attention to the game
8023,Laughter@CHI,L
8023,Laughable@MOT,baby's exciting laugh
8023,Arousal@CHI,high
8023,ReactionReason@CHI,Violation of social role schema
8024,Gaze@CHI,mom
8024,Facial@MOT,neutral
8024,Gaze@MOT,dad
8024,Action@MOT,attracting dad's attention to the game
8024,Laughter@CHI,L
8024,Laughable@MOT,baby's exciting laugh
8024,Arousal@CHI,high
8024,ReactionReason@CHI,Violation of social role schema
8025,Gaze@CHI,mom
8025,Facial@MOT,neutral
8025,Gaze@MOT,dad
8025,Action@MOT,attracting dad's attention to the game
8025,Laughter@CHI,L
8025,Laughable@MOT,baby's exciting laugh
8025,Arousal@CHI,high
8025,ReactionReason@CHI,Violation of social role schema
8026,Gaze@CHI,mom
8026,Facial@MOT,neutral
8026,Gaze@MOT,dad
8026,Action@MOT,attracting dad's attention to the game
8026,Laughter@CHI,L
8026,Laughable@MOT,baby's exciting laugh
8026,Arousal@CHI,high
8026,ReactionReason@CHI,Violation of social role schema
8027,Gaze@CHI,mom
8027,Facial@MOT,neutral
8027,Gaze@MOT,dad
8027,Action@MOT,attracting dad's attention to the game
8027,Laughter@CHI,L
8027,Arousal@CHI,high
8027,ReactionReason@CHI,Violation of social role schema
8028,Gaze@CHI,mom
8028,Facial@MOT,neutral
8028,Gaze@MOT,dad
8028,Action@MOT,attracting dad's attention to the game
8028,Laughter@CHI,L
8028,Arousal@CHI,high
8028,ReactionReason@CHI,Violation of social role schema
8029,Gaze@CHI,mom
8029,Facial@MOT,neutral
8029,Gaze@MOT,dad
8029,Action@MOT,attracting dad's attention to the game
8029,Laughter@CHI,L
8029,Arousal@CHI,high
8029,ReactionReason@CHI,Violation of social role schema
8030,Gaze@CHI,mom
8030,Facial@MOT,neutral
8030,Gaze@MOT,dad
8030,Action@MOT,attracting dad's attention to the game
8030,Laughter@CHI,L
8030,Arousal@CHI,high
8030,ReactionReason@CHI,Violation of social role schema
8031,Gaze@CHI,mom
8031,Facial@MOT,neutral
8031,Gaze@MOT,dad
8031,Action@MOT,attracting dad's attention to the game
8031,Laughter@CHI,L
8031,Arousal@CHI,high
8031,ReactionReason@CHI,Violation of social role schema
8032,Gaze@CHI,mom
8032,Facial@MOT,neutral
8032,Gaze@MOT,dad
8032,Action@MOT,attracting dad's attention to the game
8032,Laughter@CHI,L
8032,Arousal@CHI,high
8032,ReactionReason@CHI,Violation of social role schema
8033,Gaze@CHI,mom
8033,Facial@MOT,neutral
8033,Gaze@MOT,dad
8033,Action@MOT,attracting dad's attention to the game
8033,Laughter@CHI,L
8033,Arousal@CHI,high
8033,ReactionReason@CHI,Violation of social role schema
8034,Gaze@CHI,mom
8034,Facial@MOT,neutral
8034,Gaze@MOT,dad
8034,Action@MOT,attracting dad's attention to the game
8034,Laughter@CHI,L
8034,Arousal@CHI,high
8034,ReactionReason@CHI,Violation of social role schema
8035,Gaze@CHI,mom
8035,Facial@MOT,neutral
8035,Gaze@MOT,dad
8035,Action@MOT,attracting dad's attention to the game
8035,Laughter@CHI,L
8035,Arousal@CHI,high
8035,ReactionReason@CHI,Violation of social role schema
8036,Gaze@CHI,mom
8036,Facial@MOT,neutral
8036,Gaze@MOT,dad
8036,Action@MOT,attracting dad's attention to the game
8036,Laughter@CHI,L
8036,Arousal@CHI,high
8036,ReactionReason@CHI,Violation of social role schema
8037,Gaze@CHI,mom
8037,Facial@MOT,neutral
8037,Gaze@MOT,dad
8037,Action@MOT,attracting dad's attention to the game
8038,Gaze@CHI,dad
8038,Facial@MOT,neutral
8038,Gaze@MOT,dad
8038,Action@MOT,attracting dad's attention to the game
8039,Gaze@CHI,dad
8039,Facial@MOT,neutral
8039,Gaze@MOT,dad
8039,Action@MOT,attracting dad's attention to the game
8040,Gaze@CHI,dad
8040,Facial@MOT,neutral
8040,Gaze@MOT,dad
8040,Action@MOT,attracting dad's attention to the game
8041,Gaze@CHI,dad
8041,Facial@MOT,neutral
8041,Gaze@MOT,dad
8041,Action@MOT,attracting dad's attention to the game
8042,Gaze@CHI,dad
8042,Facial@MOT,neutral
8042,Gaze@MOT,dad
8042,Action@MOT,attracting dad's attention to the game
8043,Gaze@CHI,dad
8043,Facial@MOT,neutral
8043,Gaze@MOT,dad
8043,Action@MOT,attracting dad's attention to the game
8044,Gaze@CHI,dad
8044,Facial@MOT,neutral
8044,Gaze@MOT,dad
8044,Action@MOT,attracting dad's attention to the game
8045,Gaze@CHI,dad
8045,Facial@MOT,neutral
8045,Gaze@MOT,dad
8045,Action@MOT,attracting dad's attention to the game
8046,Gaze@CHI,dad
8046,Facial@MOT,neutral
8046,Gaze@MOT,dad
8046,Action@MOT,attracting dad's attention to the game
8047,Gaze@CHI,dad
8047,Facial@MOT,neutral
8047,Gaze@MOT,dad
8047,Action@MOT,attracting dad's attention to the game
8048,Gaze@CHI,dad
8048,Facial@MOT,neutral
8048,Gaze@MOT,dad
8048,Action@MOT,attracting dad's attention to the game
8049,Gaze@CHI,mom
8049,Facial@MOT,neutral
8049,Gaze@MOT,dad
8049,Action@MOT,attracting dad's attention to the game
8050,Gaze@CHI,mom
8050,Facial@MOT,neutral
8050,Gaze@MOT,dad
8050,Action@MOT,attracting dad's attention to the game
8051,Gaze@CHI,mom
8051,Facial@MOT,neutral
8051,Gaze@MOT,dad
8051,Action@MOT,attracting dad's attention to the game
8052,Gaze@CHI,mom
8052,Facial@MOT,neutral
8052,Gaze@MOT,dad
8052,Action@MOT,attracting dad's attention to the game
8053,Gaze@CHI,mom
8053,Facial@MOT,neutral
8053,Gaze@MOT,dad
8053,Action@MOT,attracting dad's attention to the game
8054,Gaze@CHI,mom
8054,Facial@MOT,neutral
8054,Gaze@MOT,dad
8054,Action@MOT,attracting dad's attention to the game
8055,Gaze@CHI,mom
8055,Facial@MOT,neutral
8055,Gaze@MOT,dad
8055,Action@MOT,attracting dad's attention to the game
8056,Gaze@CHI,mom
8056,Facial@MOT,neutral
8056,Gaze@MOT,child
8056,Action@MOT,attracting dad's attention to the game
8057,Gaze@CHI,mom
8057,Facial@MOT,neutral
8057,Gaze@MOT,child
8057,Action@MOT,spitting the ball into the glass
8058,Gaze@CHI,mom
8058,Facial@MOT,neutral
8058,Gaze@MOT,child
8058,Action@MOT,spitting the ball into the glass
8059,Gaze@CHI,mom
8059,Facial@MOT,neutral
8059,Gaze@MOT,child
8059,Action@MOT,spitting the ball into the glass
8060,Gaze@CHI,mom
8060,Facial@MOT,neutral
8060,Gaze@MOT,child
8060,Action@MOT,spitting the ball into the glass
8061,Gaze@CHI,mom
8061,Facial@MOT,neutral
8061,Gaze@MOT,child
8061,Action@MOT,spitting the ball into the glass
8062,Gaze@CHI,mom
8062,Facial@MOT,neutral
8062,Gaze@MOT,child
8062,Action@MOT,spitting the ball into the glass
8063,Gaze@CHI,mom
8063,Facial@MOT,neutral
8063,Gaze@MOT,glass
8063,Action@MOT,spitting the ball into the glass
8064,Gaze@CHI,mom
8064,Facial@MOT,neutral
8064,Gaze@MOT,glass
8064,Action@MOT,spitting the ball into the glass
8065,Gaze@CHI,mom
8065,Facial@MOT,neutral
8065,Gaze@MOT,glass
8065,Action@MOT,spitting the ball into the glass
8066,Gaze@CHI,mom
8066,Facial@MOT,neutral
8066,Gaze@MOT,glass
8066,Action@MOT,spitting the ball into the glass
8067,Gaze@CHI,mom
8067,Facial@MOT,neutral
8067,Gaze@MOT,glass
8067,Action@MOT,spitting the ball into the glass
8067,Laughter@CHI,L
8067,Arousal@CHI,middle
8067,ReactionReason@CHI,Prediction
8068,Gaze@CHI,mom
8068,Facial@MOT,neutral
8068,Gaze@MOT,glass
8068,Action@MOT,spitting the ball into the glass
8068,Laughter@CHI,L
8068,Arousal@CHI,middle
8068,ReactionReason@CHI,Prediction
8069,Gaze@CHI,mom
8069,Facial@MOT,neutral
8069,Gaze@MOT,glass
8069,Action@MOT,spitting the ball into the glass
8069,Laughter@CHI,L
8069,Arousal@CHI,middle
8069,ReactionReason@CHI,Prediction
8070,Gaze@CHI,mom
8070,Facial@MOT,neutral
8070,Gaze@MOT,glass
8070,Action@MOT,spitting the ball into the glass
8070,Laughter@CHI,L
8070,Arousal@CHI,middle
8070,ReactionReason@CHI,Prediction
8071,Gaze@CHI,mom
8071,Facial@MOT,neutral
8071,Gaze@MOT,glass
8071,Action@MOT,spitting the ball into the glass
8071,Laughter@CHI,L
8071,Arousal@CHI,middle
8071,ReactionReason@CHI,Prediction
8072,Gaze@CHI,mom
8072,Facial@MOT,neutral
8072,Gaze@MOT,glass
8072,Action@MOT,spitting the ball into the glass
8072,Laughter@CHI,L
8072,Arousal@CHI,middle
8072,ReactionReason@CHI,Prediction
8073,Gaze@CHI,mom
8073,Facial@MOT,neutral
8073,Gaze@MOT,glass
8073,Action@MOT,spitting the ball into the glass
8073,Laughter@CHI,L
8073,Laughable@CHI,mom spits the ball out of the mouth
8073,Arousal@CHI,middle
8073,ReactionReason@CHI,Prediction
8074,Gaze@CHI,mom
8074,Facial@MOT,neutral
8074,Gaze@MOT,glass
8074,Action@MOT,spitting the ball into the glass
8074,Laughter@CHI,L
8074,Laughable@CHI,mom spits the ball out of the mouth
8074,Laughable@MOT,baby's exciting laugh
8074,Arousal@CHI,middle
8074,ReactionReason@CHI,Prediction
8075,Gaze@CHI,mom
8075,Facial@MOT,neutral
8075,Gaze@MOT,glass
8075,Action@MOT,spitting the ball into the glass
8075,Laughable@CHI,mom spits the ball out of the mouth
8075,Laughable@MOT,baby's exciting laugh
8076,Gaze@CHI,mom
8076,Facial@MOT,neutral
8076,Gaze@MOT,glass
8076,Action@MOT,spitting the ball into the glass
8076,Laughter@CHI,L
8076,Laughable@CHI,mom spits the ball out of the mouth
8076,Laughable@MOT,baby's exciting laugh
8076,Arousal@CHI,middle
8076,ReactionReason@CHI,Violation of behaviour schema
8077,Gaze@CHI,mom
8077,Facial@MOT,neutral
8077,Gaze@MOT,glass
8077,Action@MOT,spitting the ball into the glass
8077,Laughter@CHI,L
8077,Laughable@CHI,mom spits the ball out of the mouth
8077,Laughable@MOT,baby's exciting laugh
8077,Arousal@CHI,middle
8077,ReactionReason@CHI,Violation of behaviour schema
8078,Gaze@CHI,mom
8078,Facial@MOT,neutral
8078,Gaze@MOT,glass
8078,Action@MOT,spitting the ball into the glass
8078,Laughter@CHI,L
8078,Laughable@CHI,mom spits the ball out of the mouth
8078,Laughable@MOT,baby's exciting laugh
8078,Arousal@CHI,middle
8078,ReactionReason@CHI,Violation of behaviour schema
8079,Gaze@CHI,mom
8079,Facial@MOT,neutral
8079,Gaze@MOT,child
8079,Action@MOT,spitting the ball into the glass
8079,Laughter@CHI,L
8079,Laughable@CHI,mom spits the ball out of the mouth
8079,Laughable@MOT,baby's exciting laugh
8079,Arousal@CHI,middle
8079,ReactionReason@CHI,Violation of behaviour schema
8080,Gaze@CHI,mom
8080,Facial@MOT,smile
8080,Gaze@MOT,child
8080,Action@MOT,turning to dad
8080,Laughter@CHI,L
8080,Laughable@MOT,baby's exciting laugh
8080,Arousal@CHI,middle
8080,ReactionReason@CHI,Violation of behaviour schema
8081,Gaze@CHI,mom
8081,Facial@MOT,smile
8081,Gaze@MOT,child
8081,Action@MOT,turning to dad
8081,Laughter@CHI,L
8081,Laughable@MOT,baby's exciting laugh
8081,Arousal@CHI,middle
8081,ReactionReason@CHI,Violation of behaviour schema
8082,Gaze@CHI,mom
8082,Facial@MOT,smile
8082,Gaze@MOT,child
8082,Action@MOT,turning to dad
8082,Laughter@CHI,L
8082,Laughable@MOT,baby's exciting laugh
8082,Arousal@CHI,middle
8082,ReactionReason@CHI,Violation of behaviour schema
8083,Gaze@CHI,mom
8083,Facial@MOT,smile
8083,Gaze@MOT,child
8083,Action@MOT,turning to dad
8083,Laughter@CHI,L
8083,Laughable@MOT,baby's exciting laugh
8083,Arousal@CHI,middle
8083,ReactionReason@CHI,Violation of behaviour schema
8084,Gaze@CHI,mom
8084,Facial@MOT,smile
8084,Gaze@MOT,child
8084,Action@MOT,turning to dad
8084,Laughter@CHI,L
8084,Laughable@MOT,baby's exciting laugh
8084,Arousal@CHI,middle
8084,ReactionReason@CHI,Violation of behaviour schema
8085,Gaze@CHI,mom
8085,Facial@MOT,smile
8085,Gaze@MOT,child
8085,Action@MOT,turning to dad
8085,Laughter@CHI,L
8085,Laughable@MOT,baby's exciting laugh
8085,Arousal@CHI,middle
8085,ReactionReason@CHI,Violation of behaviour schema
8086,Gaze@CHI,mom
8086,Facial@MOT,smile
8086,Gaze@MOT,child
8086,Action@MOT,turning to dad
8086,Laughter@CHI,L
8086,Laughable@MOT,baby's exciting laugh
8086,Arousal@CHI,middle
8086,ReactionReason@CHI,Violation of behaviour schema
8087,Gaze@CHI,mom
8087,Facial@MOT,smile
8087,Gaze@MOT,child
8087,Action@MOT,turning to dad
8087,Laughter@CHI,L
8087,Laughable@MOT,baby's exciting laugh
8087,Arousal@CHI,middle
8087,ReactionReason@CHI,Violation of behaviour schema
8088,Gaze@CHI,mom
8088,Facial@MOT,smile
8088,Gaze@MOT,dad
8088,Action@MOT,turning to dad
8088,Laughter@CHI,L
8088,Laughable@MOT,baby's exciting laugh
8088,Arousal@CHI,middle
8088,ReactionReason@CHI,Violation of behaviour schema
8089,Gaze@CHI,mom
8089,Facial@MOT,smile
8089,Gaze@MOT,dad
8089,Action@MOT,turning to dad
8089,Laughter@CHI,L
8089,Laughable@MOT,baby's exciting laugh
8089,Arousal@CHI,middle
8089,ReactionReason@CHI,Violation of behaviour schema
8090,Gaze@CHI,ball
8090,Facial@MOT,smile
8090,Gaze@MOT,dad
8090,Action@MOT,turning to dad
8090,Laughter@CHI,L
8090,Laughable@MOT,baby's exciting laugh
8090,Arousal@CHI,middle
8090,ReactionReason@CHI,Violation of behaviour schema
8091,Gaze@CHI,ball
8091,Facial@MOT,smile
8091,Gaze@MOT,dad
8091,Action@MOT,turning to dad
8091,Laughter@CHI,L
8091,Arousal@CHI,middle
8091,ReactionReason@CHI,Violation of behaviour schema
8092,Gaze@CHI,ball
8092,Facial@MOT,smile
8092,Gaze@MOT,dad
8092,Action@MOT,turning to dad
8092,Laughter@CHI,L
8092,Arousal@CHI,middle
8092,ReactionReason@CHI,Violation of behaviour schema
8093,Gaze@CHI,ball
8093,Facial@MOT,invisible
8093,Gaze@MOT,dad
8093,Action@MOT,turning to dad
8094,Gaze@CHI,ball
8094,Facial@MOT,invisible
8094,Gaze@MOT,dad
8094,Action@MOT,turning to dad
8095,Gaze@CHI,ball
8095,Facial@MOT,invisible
8095,Gaze@MOT,dad
8095,Action@MOT,turning to dad
8096,Gaze@CHI,ball
8096,Facial@MOT,invisible
8096,Gaze@MOT,invisible
8097,Gaze@CHI,ball
8097,Facial@MOT,invisible
8097,Gaze@MOT,invisible
8098,Gaze@CHI,ball
8098,Facial@MOT,invisible
8098,Gaze@MOT,invisible
8099,Gaze@CHI,ball
8099,Facial@MOT,invisible
8099,Gaze@MOT,invisible
8099,Action@CHI,picking up the ball
8100,Gaze@CHI,ball
8100,Facial@MOT,invisible
8100,Gaze@MOT,invisible
8100,Action@CHI,picking up the ball
8101,Gaze@CHI,ball
8101,Facial@MOT,invisible
8101,Gaze@MOT,invisible
8101,Action@CHI,picking up the ball
8102,Gaze@CHI,ball
8102,Facial@MOT,invisible
8102,Gaze@MOT,invisible
8102,Action@CHI,picking up the ball
8103,Gaze@CHI,ball
8103,Facial@MOT,invisible
8103,Gaze@MOT,invisible
8103,Action@CHI,picking up the ball
8104,Gaze@CHI,ball
8104,Facial@MOT,invisible
8104,Gaze@MOT,invisible
8104,Action@CHI,picking up the ball
8105,Gaze@CHI,ball
8105,Facial@MOT,invisible
8105,Gaze@MOT,invisible
8105,Action@CHI,picking up the ball
8106,Gaze@CHI,ball
8106,Facial@MOT,invisible
8106,Gaze@MOT,invisible
8106,Action@CHI,picking up the ball
8107,Gaze@CHI,ball
8107,Facial@MOT,invisible
8107,Gaze@MOT,invisible
8107,Action@CHI,picking up the ball
8108,Gaze@CHI,ball
8108,Facial@MOT,invisible
8108,Gaze@MOT,invisible
8108,Action@CHI,picking up the ball
8109,Gaze@CHI,ball
8109,Facial@MOT,invisible
8109,Gaze@MOT,invisible
8109,Action@CHI,picking up the ball
8110,Gaze@CHI,ball
8110,Facial@MOT,invisible
8110,Gaze@MOT,invisible
8110,Action@CHI,picking up the ball
8111,Gaze@CHI,ball
8111,Facial@MOT,invisible
8111,Gaze@MOT,invisible
8111,Action@CHI,picking up the ball
8112,Gaze@CHI,ball
8112,Facial@MOT,invisible
8112,Gaze@MOT,invisible
8112,Action@CHI,picking up the ball
8112,Laughter@CHI,L
8112,Arousal@CHI,high
8112,ReactionReason@CHI,Prank
8113,Gaze@CHI,ball
8113,Facial@MOT,invisible
8113,Gaze@MOT,invisible
8113,Action@CHI,picking up the ball
8113,Laughter@CHI,L
8113,Arousal@CHI,high
8113,ReactionReason@CHI,Prank
8114,Gaze@CHI,ball
8114,Facial@MOT,invisible
8114,Gaze@MOT,invisible
8114,Action@CHI,picking up the ball
8114,Laughter@CHI,L
8114,Arousal@CHI,high
8114,ReactionReason@CHI,Prank
8115,Gaze@CHI,ball
8115,Facial@MOT,invisible
8115,Gaze@MOT,invisible
8115,Action@CHI,picking up the ball
8115,Laughter@CHI,L
8115,Arousal@CHI,high
8115,ReactionReason@CHI,Prank
8116,Gaze@CHI,ball
8116,Facial@MOT,invisible
8116,Gaze@MOT,invisible
8116,Action@CHI,picking up the ball
8116,Laughter@CHI,L
8116,Arousal@CHI,high
8116,ReactionReason@CHI,Prank
8117,Gaze@CHI,ball
8117,Facial@MOT,invisible
8117,Gaze@MOT,invisible
8117,Action@CHI,picking up the ball
8117,Laughter@CHI,L
8117,Arousal@CHI,high
8117,ReactionReason@CHI,Prank
8118,Gaze@CHI,ball
8118,Facial@MOT,invisible
8118,Gaze@MOT,invisible
8118,Action@CHI,picking up the ball
8118,Laughter@CHI,L
8118,Arousal@CHI,high
8118,ReactionReason@CHI,Prank
8119,Gaze@CHI,ball
8119,Facial@MOT,invisible
8119,Gaze@MOT,invisible
8119,Action@CHI,picking up the ball
8119,Laughter@CHI,L
8119,Arousal@CHI,high
8119,ReactionReason@CHI,Prank
8120,Gaze@CHI,ball
8120,Facial@MOT,invisible
8120,Gaze@MOT,invisible
8120,Action@CHI,picking up the ball
8120,Laughter@CHI,L
8120,Arousal@CHI,high
8120,ReactionReason@CHI,Prank
8121,Gaze@CHI,ball
8121,Facial@MOT,invisible
8121,Gaze@MOT,invisible
8121,Action@CHI,picking up the ball
8121,Laughter@CHI,L
8121,Arousal@CHI,high
8121,ReactionReason@CHI,Prank
8122,Gaze@CHI,ball
8122,Facial@MOT,invisible
8122,Gaze@MOT,invisible
8122,Action@CHI,picking up the ball
8122,Laughter@CHI,L
8122,Arousal@CHI,high
8122,ReactionReason@CHI,Prank
8123,Gaze@CHI,ball
8123,Facial@MOT,invisible
8123,Gaze@MOT,invisible
8123,Action@CHI,picking up the ball
8123,Laughter@CHI,L
8123,Arousal@CHI,high
8123,ReactionReason@CHI,Prank
8124,Gaze@CHI,ball
8124,Facial@MOT,invisible
8124,Gaze@MOT,invisible
8124,Action@CHI,picking up the ball
8124,Laughter@CHI,L
8124,Arousal@CHI,high
8124,ReactionReason@CHI,Prank
8125,Gaze@CHI,ball
8125,Facial@MOT,invisible
8125,Gaze@MOT,invisible
8125,Action@CHI,picking up the ball
8125,Laughter@CHI,L
8125,Arousal@CHI,high
8125,ReactionReason@CHI,Prank
8126,Gaze@CHI,ball
8126,Facial@MOT,invisible
8126,Gaze@MOT,invisible
8126,Action@CHI,picking up the ball
8126,Laughter@CHI,L
8126,Arousal@CHI,high
8126,ReactionReason@CHI,Prank
8127,Gaze@CHI,ball
8127,Facial@MOT,invisible
8127,Gaze@MOT,invisible
8127,Action@CHI,picking up the ball
8127,Laughter@CHI,L
8127,Arousal@CHI,high
8127,ReactionReason@CHI,Prank
8128,Gaze@CHI,ball
8128,Facial@MOT,invisible
8128,Gaze@MOT,invisible
8128,Action@CHI,picking up the ball
8128,Laughter@CHI,L
8128,Arousal@CHI,high
8128,ReactionReason@CHI,Prank
8129,Gaze@CHI,ball
8129,Facial@MOT,invisible
8129,Gaze@MOT,invisible
8129,Action@CHI,picking up the ball
8129,Laughter@CHI,L
8129,Arousal@CHI,high
8129,ReactionReason@CHI,Prank
8130,Gaze@CHI,ball
8130,Facial@MOT,invisible
8130,Gaze@MOT,invisible
8130,Action@CHI,picking up the ball
8130,Laughter@CHI,L
8130,Arousal@CHI,high
8130,ReactionReason@CHI,Prank
8131,Gaze@CHI,ball
8131,Facial@MOT,invisible
8131,Gaze@MOT,invisible
8131,Action@CHI,picking up the ball
8131,Laughter@CHI,L
8131,Arousal@CHI,high
8131,ReactionReason@CHI,Prank
8132,Gaze@CHI,ball
8132,Facial@MOT,invisible
8132,Gaze@MOT,invisible
8132,Laughter@CHI,L
8132,Arousal@CHI,high
8132,ReactionReason@CHI,Prank
8133,Gaze@CHI,ball
8133,Facial@MOT,invisible
8133,Gaze@MOT,invisible
8133,Laughter@CHI,L
8133,Arousal@CHI,high
8133,ReactionReason@CHI,Prank
8134,Gaze@CHI,ball
8134,Facial@MOT,invisible
8134,Gaze@MOT,invisible
8134,Laughter@CHI,L
8134,Arousal@CHI,high
8134,ReactionReason@CHI,Prank
8135,Gaze@CHI,ball
8135,Facial@MOT,invisible
8135,Gaze@MOT,invisible
8135,Laughter@CHI,L
8135,Arousal@CHI,high
8135,ReactionReason@CHI,Prank
8136,Gaze@CHI,ball
8136,Facial@MOT,invisible
8136,Gaze@MOT,invisible
8136,Laughter@CHI,L
8136,Arousal@CHI,high
8136,ReactionReason@CHI,Prank
8137,Gaze@CHI,ball
8137,Facial@MOT,invisible
8137,Gaze@MOT,invisible
8137,Laughter@CHI,L
8137,Arousal@CHI,high
8137,ReactionReason@CHI,Prank
8138,Gaze@CHI,ball
8138,Facial@MOT,invisible
8138,Gaze@MOT,invisible
8138,Laughter@CHI,L
8138,Arousal@CHI,high
8138,ReactionReason@CHI,Prank
8139,Gaze@CHI,ball
8139,Facial@MOT,invisible
8139,Gaze@MOT,invisible
8139,Laughter@CHI,L
8139,Arousal@CHI,high
8139,ReactionReason@CHI,Prank
8140,Gaze@CHI,ball
8140,Facial@MOT,invisible
8140,Gaze@MOT,invisible
8140,Laughter@CHI,L
8140,Arousal@CHI,high
8140,ReactionReason@CHI,Prank
8141,Gaze@CHI,ball
8141,Facial@MOT,invisible
8141,Gaze@MOT,invisible
8141,Laughter@CHI,L
8141,Arousal@CHI,high
8141,ReactionReason@CHI,Prank
8142,Gaze@CHI,ball
8142,Facial@MOT,invisible
8142,Gaze@MOT,invisible
8142,Laughter@CHI,L
8142,Arousal@CHI,high
8142,ReactionReason@CHI,Prank
8143,Gaze@CHI,ball
8143,Facial@MOT,invisible
8143,Gaze@MOT,invisible
8143,Laughter@CHI,L
8143,Arousal@CHI,high
8143,ReactionReason@CHI,Prank
8144,Gaze@CHI,ball
8144,Facial@MOT,invisible
8144,Gaze@MOT,invisible
8144,Laughter@CHI,L
8144,Arousal@CHI,high
8144,ReactionReason@CHI,Prank
8145,Gaze@CHI,ball
8145,Facial@MOT,invisible
8145,Gaze@MOT,invisible
8145,Laughter@CHI,L
8145,Arousal@CHI,high
8145,ReactionReason@CHI,Prank
8146,Gaze@CHI,ball
8146,Facial@MOT,invisible
8146,Gaze@MOT,invisible
8146,Laughter@CHI,L
8146,Arousal@CHI,high
8146,ReactionReason@CHI,Prank
8147,Gaze@CHI,ball
8147,Facial@MOT,smile showing teeth
8147,Gaze@MOT,child
8147,Laughter@CHI,L
8147,Arousal@CHI,high
8147,ReactionReason@CHI,Prank
8148,Gaze@CHI,mom
8148,Facial@MOT,smile showing teeth
8148,Gaze@MOT,child
8148,Laughter@CHI,L
8148,Arousal@CHI,high
8148,ReactionReason@CHI,Prank
8149,Gaze@CHI,mom
8149,Facial@MOT,smile showing teeth
8149,Gaze@MOT,child
8149,Laughter@CHI,L
8149,Arousal@CHI,high
8149,ReactionReason@CHI,Prank
8150,Gaze@CHI,mom
8150,Facial@MOT,smile showing teeth
8150,Gaze@MOT,child
8150,Laughter@CHI,L
8150,Arousal@CHI,high
8150,ReactionReason@CHI,Prank
8151,Gaze@CHI,mom
8151,Facial@MOT,smile showing teeth
8151,Gaze@MOT,child
8151,Laughter@CHI,L
8151,Arousal@CHI,high
8151,ReactionReason@CHI,Prank
8152,Gaze@CHI,mom
8152,Facial@MOT,smile showing teeth
8152,Gaze@MOT,child
8152,Laughter@CHI,L
8152,Arousal@CHI,high
8152,ReactionReason@CHI,Prank
8153,Gaze@CHI,mom
8153,Facial@MOT,smile showing teeth
8153,Gaze@MOT,child
8153,Laughter@CHI,L
8153,Arousal@CHI,high
8153,ReactionReason@CHI,Prank
8154,Gaze@CHI,mom
8154,Facial@MOT,smile showing teeth
8154,Gaze@MOT,child
8154,Laughter@CHI,L
8154,Arousal@CHI,high
8154,ReactionReason@CHI,Prank
8155,Gaze@CHI,mom
8155,Facial@MOT,smile showing teeth
8155,Gaze@MOT,child
8155,Laughter@CHI,L
8155,Arousal@CHI,high
8155,ReactionReason@CHI,Prank
8156,Gaze@CHI,mom
8156,Facial@MOT,smile showing teeth
8156,Gaze@MOT,child
8156,Laughter@CHI,L
8156,Arousal@CHI,high
8156,ReactionReason@CHI,Prank
8157,Gaze@CHI,mom
8157,Facial@MOT,smile showing teeth
8157,Gaze@MOT,child
8157,Laughter@CHI,L
8157,Arousal@CHI,high
8157,ReactionReason@CHI,Prank
8158,Gaze@CHI,mom
8158,Facial@MOT,smile showing teeth
8158,Gaze@MOT,child
8158,Laughter@CHI,L
8158,Arousal@CHI,high
8158,ReactionReason@CHI,Prank
8159,Gaze@CHI,mom
8159,Facial@MOT,smile showing teeth
8159,Gaze@MOT,child
8159,Laughter@CHI,L
8159,Arousal@CHI,high
8159,ReactionReason@CHI,Prank
8160,Gaze@CHI,mom
8160,Facial@MOT,smile showing teeth
8160,Gaze@MOT,child
8160,Laughter@CHI,L
8160,Arousal@CHI,high
8160,ReactionReason@CHI,Prank
8161,Gaze@CHI,mom
8161,Facial@MOT,smile showing teeth
8161,Gaze@MOT,child
8161,Laughter@CHI,L
8161,Arousal@CHI,high
8161,ReactionReason@CHI,Prank
8162,Gaze@CHI,mom
8162,Facial@MOT,smile showing teeth
8162,Gaze@MOT,child
8163,Gaze@CHI,mom
8163,Facial@MOT,smile showing teeth
8163,Gaze@MOT,child
8164,Gaze@CHI,mom
8164,Facial@MOT,smile showing teeth
8164,Gaze@MOT,child
8164,Action@CHI,giving the ball to mom
8164,Laughter@CHI,L
8164,Arousal@CHI,high
8164,ReactionReason@CHI,Prank
8165,Gaze@CHI,mom
8165,Facial@MOT,smile showing teeth
8165,Gaze@MOT,child
8165,Action@CHI,giving the ball to mom
8165,Laughter@CHI,L
8165,Arousal@CHI,high
8165,ReactionReason@CHI,Prank
8166,Gaze@CHI,mom
8166,Facial@MOT,smile showing teeth
8166,Gaze@MOT,child
8166,Action@CHI,giving the ball to mom
8166,Laughter@CHI,L
8166,Arousal@CHI,high
8166,ReactionReason@CHI,Prank
8167,Gaze@CHI,mom
8167,Facial@MOT,smile showing teeth
8167,Gaze@MOT,child
8167,Action@CHI,giving the ball to mom
8167,Laughter@CHI,L
8167,Arousal@CHI,high
8167,ReactionReason@CHI,Prank
8168,Gaze@CHI,mom
8168,Facial@MOT,neutral
8168,Gaze@MOT,child
8168,Action@CHI,giving the ball to mom
8168,Laughter@CHI,L
8168,Arousal@CHI,high
8168,ReactionReason@CHI,Prank
8169,Gaze@CHI,mom
8169,Facial@MOT,neutral
8169,Gaze@MOT,ball
8169,Action@CHI,giving the ball to mom
8169,Laughter@CHI,L
8169,Arousal@CHI,high
8169,ReactionReason@CHI,Prank
8170,Gaze@CHI,mom
8170,Facial@MOT,O-shaped mouth
8170,Gaze@MOT,ball
8170,Action@CHI,giving the ball to mom
8170,Laughter@CHI,L
8170,Arousal@CHI,high
8170,ReactionReason@CHI,Prank
8171,Gaze@CHI,mom
8171,Facial@MOT,O-shaped mouth
8171,Gaze@MOT,ball
8171,Action@CHI,giving the ball to mom
8171,Laughter@CHI,L
8171,Arousal@CHI,high
8171,ReactionReason@CHI,Prank
8172,Gaze@CHI,mom
8172,Facial@MOT,O-shaped mouth
8172,Gaze@MOT,ball
8172,Action@CHI,giving the ball to mom
8172,Laughter@CHI,L
8172,Arousal@CHI,high
8172,ReactionReason@CHI,Prank
8173,Gaze@CHI,mom
8173,Facial@MOT,O-shaped mouth
8173,Gaze@MOT,ball
8173,Action@CHI,giving the ball to mom
8173,Action@MOT,moving towards the ball to take it
8173,Laughter@CHI,L
8173,Arousal@CHI,high
8173,ReactionReason@CHI,Prank
8174,Gaze@CHI,mom
8174,Facial@MOT,O-shaped mouth
8174,Gaze@MOT,ball
8174,Action@CHI,giving the ball to mom
8174,Action@MOT,moving towards the ball to take it
8174,Laughter@CHI,L
8174,Arousal@CHI,high
8174,ReactionReason@CHI,Prank
8175,Gaze@CHI,mom
8175,Facial@MOT,O-shaped mouth
8175,Gaze@MOT,ball
8175,Action@CHI,putting the ball in mom’s mouth
8175,Action@MOT,moving towards the ball to take it
8175,Laughter@CHI,L
8175,Arousal@CHI,high
8175,ReactionReason@CHI,Prank
8176,Gaze@CHI,mom
8176,Facial@MOT,O-shaped mouth
8176,Gaze@MOT,ball
8176,Action@CHI,putting the ball in mom’s mouth
8176,Action@MOT,moving towards the ball to take it
8176,Laughter@CHI,L
8176,Arousal@CHI,high
8176,ReactionReason@CHI,Prank
8177,Gaze@CHI,mom
8177,Facial@MOT,O-shaped mouth
8177,Gaze@MOT,ball
8177,Action@CHI,putting the ball in mom’s mouth
8177,Action@MOT,moving towards the ball to take it
8177,Laughter@CHI,L
8177,Arousal@CHI,high
8177,ReactionReason@CHI,Prank
8178,Gaze@CHI,mom
8178,Facial@MOT,O-shaped mouth
8178,Gaze@MOT,ball
8178,Action@CHI,putting the ball in mom’s mouth
8178,Action@MOT,moving towards the ball to take it
8178,Laughter@CHI,L
8178,Arousal@CHI,high
8178,ReactionReason@CHI,Prank
8179,Gaze@CHI,mom
8179,Facial@MOT,O-shaped mouth
8179,Gaze@MOT,ball
8179,Action@CHI,throwing the ball
8179,Action@MOT,moving towards the ball to take it
8179,Laughter@CHI,L
8179,Arousal@CHI,high
8179,ReactionReason@CHI,Prank
8180,Gaze@CHI,mom
8180,Facial@MOT,O-shaped mouth
8180,Gaze@MOT,ball
8180,Action@CHI,throwing the ball
8180,Action@MOT,moving towards the ball to take it
8180,Laughter@CHI,L
8180,Laughable@CHI,baby intentionally throws away the ball
8180,Arousal@CHI,high
8180,ReactionReason@CHI,Prank
8181,Gaze@CHI,mom
8181,Facial@MOT,O-shaped mouth
8181,Gaze@MOT,invisible
8181,Action@CHI,throwing the ball
8181,Action@MOT,moving towards the ball to take it
8181,Laughter@CHI,L
8181,Laughable@CHI,baby intentionally throws away the ball
8181,Arousal@CHI,high
8181,ReactionReason@CHI,Prank
8182,Gaze@CHI,mom
8182,Facial@MOT,O-shaped mouth
8182,Gaze@MOT,invisible
8182,Action@CHI,throwing the ball
8182,Action@MOT,moving towards the ball to take it
8182,Laughter@CHI,L
8182,Laughable@CHI,baby intentionally throws away the ball
8182,Arousal@CHI,high
8182,ReactionReason@CHI,Prank
8183,Gaze@CHI,mom
8183,Facial@MOT,invisible
8183,Gaze@MOT,invisible
8183,Action@CHI,throwing the ball
8183,Laughter@CHI,L
8183,Laughable@CHI,baby intentionally throws away the ball
8183,Arousal@CHI,high
8183,ReactionReason@CHI,Prank
8184,Gaze@CHI,mom
8184,Facial@MOT,invisible
8184,Gaze@MOT,invisible
8184,Action@CHI,throwing the ball
8184,Laughter@CHI,L
8184,Laughable@CHI,baby intentionally throws away the ball
8184,Arousal@CHI,high
8184,ReactionReason@CHI,Prank
8185,Facial@MOT,invisible
8185,Gaze@MOT,invisible
8185,Action@CHI,throwing the ball
8185,Laughter@CHI,L
8185,Laughable@CHI,baby intentionally throws away the ball
8185,Arousal@CHI,high
8185,ReactionReason@CHI,Prank
8186,Gaze@CHI,ball
8186,Facial@MOT,invisible
8186,Gaze@MOT,invisible
8186,Action@CHI,throwing the ball
8186,Laughter@CHI,L
8186,Laughable@CHI,baby intentionally throws away the ball
8186,Arousal@CHI,high
8186,ReactionReason@CHI,Prank
8187,Gaze@CHI,ball
8187,Facial@MOT,invisible
8187,Gaze@MOT,invisible
8187,Action@CHI,throwing the ball
8187,Laughter@CHI,L
8187,Laughable@CHI,baby intentionally throws away the ball
8187,Arousal@CHI,high
8187,ReactionReason@CHI,Prank
8188,Gaze@CHI,ball
8188,Facial@MOT,invisible
8188,Gaze@MOT,invisible
8188,Action@CHI,throwing the ball
8188,Laughter@CHI,L
8188,Laughable@CHI,baby intentionally throws away the ball
8188,Arousal@CHI,high
8188,ReactionReason@CHI,Prank
8189,Gaze@CHI,ball
8189,Facial@MOT,invisible
8189,Gaze@MOT,invisible
8189,Laughter@CHI,L
8189,Laughable@CHI,baby intentionally throws away the ball
8189,Arousal@CHI,high
8189,ReactionReason@CHI,Prank
8190,Gaze@CHI,ball
8190,Facial@MOT,invisible
8190,Gaze@MOT,invisible
8190,Laughter@CHI,L
8190,Arousal@CHI,high
8190,ReactionReason@CHI,Prank
8191,Gaze@CHI,ball
8191,Facial@MOT,invisible
8191,Gaze@MOT,invisible
8191,Laughter@CHI,L
8191,Arousal@CHI,high
8191,ReactionReason@CHI,Prank
8192,Gaze@CHI,ball
8192,Facial@MOT,invisible
8192,Gaze@MOT,invisible
8192,Laughter@CHI,L
8192,Arousal@CHI,high
8192,ReactionReason@CHI,Prank
8193,Gaze@CHI,ball
8193,Facial@MOT,invisible
8193,Gaze@MOT,invisible
8193,Action@CHI,picking up the ball
8193,Laughter@CHI,L
8193,Arousal@CHI,high
8193,ReactionReason@CHI,Prank
8194,Gaze@CHI,ball
8194,Facial@MOT,invisible
8194,Gaze@MOT,invisible
8194,Action@CHI,picking up the ball
8194,Laughter@CHI,L
8194,Arousal@CHI,high
8194,ReactionReason@CHI,Prank
8195,Gaze@CHI,ball
8195,Facial@MOT,invisible
8195,Gaze@MOT,invisible
8195,Action@CHI,picking up the ball
8195,Laughter@CHI,L
8195,Arousal@CHI,high
8195,ReactionReason@CHI,Prank
8196,Gaze@CHI,ball
8196,Facial@MOT,invisible
8196,Gaze@MOT,invisible
8196,Action@CHI,picking up the ball
8196,Laughter@CHI,L
8196,Arousal@CHI,high
8196,ReactionReason@CHI,Prank
8197,Gaze@CHI,ball
8197,Facial@MOT,invisible
8197,Gaze@MOT,invisible
8197,Action@CHI,picking up the ball
8197,Laughter@CHI,L
8197,Arousal@CHI,high
8197,ReactionReason@CHI,Prank
8198,Gaze@CHI,ball
8198,Facial@MOT,invisible
8198,Gaze@MOT,invisible
8198,Action@CHI,picking up the ball
8199,Gaze@CHI,ball
8199,Facial@MOT,invisible
8199,Gaze@MOT,invisible
8199,Action@CHI,picking up the ball
8199,Laughter@CHI,L
8199,Arousal@CHI,high
8199,ReactionReason@CHI,Prank
8200,Gaze@CHI,ball
8200,Facial@MOT,invisible
8200,Gaze@MOT,invisible
8200,Action@CHI,picking up the ball
8200,Laughter@CHI,L
8200,Arousal@CHI,high
8200,ReactionReason@CHI,Prank
8201,Gaze@CHI,ball
8201,Facial@MOT,invisible
8201,Gaze@MOT,invisible
8201,Action@CHI,picking up the ball
8201,Laughter@CHI,L
8201,Arousal@CHI,high
8201,ReactionReason@CHI,Prank
8202,Gaze@CHI,ball
8202,Facial@MOT,invisible
8202,Gaze@MOT,invisible
8202,Action@CHI,picking up the ball
8202,Laughter@CHI,L
8202,Arousal@CHI,high
8202,ReactionReason@CHI,Prank
8203,Gaze@CHI,ball
8203,Facial@MOT,invisible
8203,Gaze@MOT,invisible
8203,Action@CHI,picking up the ball
8203,Laughter@CHI,L
8203,Arousal@CHI,high
8203,ReactionReason@CHI,Prank
8204,Gaze@CHI,ball
8204,Facial@MOT,invisible
8204,Gaze@MOT,invisible
8204,Laughter@CHI,L
8204,Arousal@CHI,high
8204,ReactionReason@CHI,Prank
8205,Gaze@CHI,mom
8205,Facial@MOT,invisible
8205,Gaze@MOT,invisible
8205,Laughter@CHI,L
8205,Arousal@CHI,high
8205,ReactionReason@CHI,Prank
8206,Gaze@CHI,mom
8206,Facial@MOT,invisible
8206,Gaze@MOT,invisible
8206,Laughter@CHI,L
8206,Arousal@CHI,high
8206,ReactionReason@CHI,Prank
8207,Gaze@CHI,mom
8207,Facial@MOT,invisible
8207,Gaze@MOT,invisible
8207,Laughter@CHI,L
8207,Arousal@CHI,high
8207,ReactionReason@CHI,Prank
8208,Gaze@CHI,mom
8208,Facial@MOT,invisible
8208,Gaze@MOT,invisible
8208,Laughter@CHI,L
8208,Arousal@CHI,high
8208,ReactionReason@CHI,Prank
8209,Gaze@CHI,mom
8209,Facial@MOT,invisible
8209,Gaze@MOT,invisible
8209,Laughter@CHI,L
8209,Arousal@CHI,high
8209,ReactionReason@CHI,Prank
8210,Gaze@CHI,mom
8210,Facial@MOT,invisible
8210,Gaze@MOT,invisible
8210,Laughter@CHI,L
8210,Arousal@CHI,high
8210,ReactionReason@CHI,Prank
8211,Gaze@CHI,mom
8211,Facial@MOT,smile showing teeth
8211,Gaze@MOT,invisible
8211,Laughter@CHI,L
8211,Arousal@CHI,high
8211,ReactionReason@CHI,Prank
8212,Gaze@CHI,mom
8212,Facial@MOT,smile showing teeth
8212,Gaze@MOT,invisible
8212,Laughter@CHI,L
8212,Arousal@CHI,high
8212,ReactionReason@CHI,Prank
8213,Gaze@CHI,mom
8213,Facial@MOT,smile showing teeth
8213,Gaze@MOT,invisible
8213,Laughter@CHI,L
8213,Arousal@CHI,high
8213,ReactionReason@CHI,Prank
8214,Gaze@CHI,mom
8214,Facial@MOT,smile showing teeth
8214,Gaze@MOT,invisible
8214,Laughter@CHI,L
8214,Arousal@CHI,high
8214,ReactionReason@CHI,Prank
8215,Gaze@CHI,mom
8215,Facial@MOT,smile showing teeth
8215,Gaze@MOT,child
8215,Laughter@CHI,L
8215,Arousal@CHI,high
8215,ReactionReason@CHI,Prank
8216,Gaze@CHI,mom
8216,Facial@MOT,smile showing teeth
8216,Gaze@MOT,child
8216,Laughter@CHI,L
8216,Arousal@CHI,high
8216,ReactionReason@CHI,Prank
8217,Gaze@CHI,mom
8217,Facial@MOT,smile showing teeth
8217,Gaze@MOT,child
8217,Laughter@CHI,L
8217,Arousal@CHI,high
8217,ReactionReason@CHI,Prank
8218,Gaze@CHI,mom
8218,Facial@MOT,smile showing teeth
8218,Gaze@MOT,child
8218,Laughter@CHI,L
8218,Arousal@CHI,high
8218,ReactionReason@CHI,Prank
8219,Gaze@CHI,mom
8219,Facial@MOT,smile showing teeth
8219,Gaze@MOT,child
8219,Laughter@CHI,L
8219,Arousal@CHI,high
8219,ReactionReason@CHI,Prank
8220,Gaze@CHI,mom
8220,Facial@MOT,invisible
8220,Gaze@MOT,child
8220,Laughter@CHI,L
8220,Arousal@CHI,high
8220,ReactionReason@CHI,Prank
8221,Gaze@CHI,mom
8221,Facial@MOT,invisible
8221,Gaze@MOT,child
8221,Laughter@CHI,L
8221,Arousal@CHI,high
8221,ReactionReason@CHI,Prank
8222,Gaze@CHI,mom
8222,Facial@MOT,invisible
8222,Gaze@MOT,child
8222,Laughter@CHI,L
8222,Arousal@CHI,high
8222,ReactionReason@CHI,Prank
8223,Gaze@CHI,mom
8223,Facial@MOT,invisible
8223,Gaze@MOT,child
8223,Laughter@CHI,L
8223,Arousal@CHI,high
8223,ReactionReason@CHI,Prank
8224,Gaze@CHI,mom
8224,Facial@MOT,invisible
8224,Gaze@MOT,child
8224,Laughter@CHI,L
8224,Arousal@CHI,high
8224,ReactionReason@CHI,Prank
8225,Gaze@CHI,mom
8225,Facial@MOT,invisible
8225,Gaze@MOT,child
8225,Laughter@CHI,L
8225,Arousal@CHI,high
8225,ReactionReason@CHI,Prank
8226,Gaze@CHI,mom
8226,Facial@MOT,invisible
8226,Gaze@MOT,child
8226,Laughter@CHI,L
8226,Arousal@CHI,high
8226,ReactionReason@CHI,Prank
8227,Gaze@CHI,mom
8227,Facial@MOT,invisible
8227,Gaze@MOT,child
8227,Action@CHI,giving the ball to mom
8227,Laughter@CHI,L
8227,Arousal@CHI,high
8227,ReactionReason@CHI,Prank
8228,Gaze@CHI,mom
8228,Facial@MOT,invisible
8228,Gaze@MOT,child
8228,Action@CHI,giving the ball to mom
8228,Laughter@CHI,L
8228,Arousal@CHI,high
8228,ReactionReason@CHI,Prank
8229,Gaze@CHI,mom
8229,Facial@MOT,invisible
8229,Gaze@MOT,child
8229,Action@CHI,giving the ball to mom
8229,Laughter@CHI,L
8229,Arousal@CHI,high
8229,ReactionReason@CHI,Prank
8230,Gaze@CHI,mom
8230,Facial@MOT,invisible
8230,Gaze@MOT,child
8230,Action@CHI,giving the ball to mom
8230,Laughter@CHI,L
8230,Arousal@CHI,high
8230,ReactionReason@CHI,Prank
8231,Gaze@CHI,mom
8231,Facial@MOT,smile showing teeth
8231,Gaze@MOT,child
8231,Action@CHI,giving the ball to mom
8231,Laughter@CHI,L
8231,Arousal@CHI,high
8231,ReactionReason@CHI,Prank
8232,Gaze@CHI,mom
8232,Facial@MOT,smile showing teeth
8232,Gaze@MOT,child
8232,Action@CHI,giving the ball to mom
8233,Gaze@CHI,mom
8233,Facial@MOT,smile showing teeth
8233,Gaze@MOT,child
8233,Action@CHI,giving the ball to mom
8234,Gaze@CHI,mom
8234,Facial@MOT,smile showing teeth
8234,Gaze@MOT,child
8234,Action@CHI,giving the ball to mom
8235,Gaze@CHI,mom
8235,Facial@MOT,smile showing teeth
8235,Gaze@MOT,child
8235,Action@CHI,giving the ball to mom
8235,Action@MOT,moving towards the ball to take it
8236,Gaze@CHI,mom
8236,Facial@MOT,O-shaped mouth
8236,Gaze@MOT,child
8236,Action@CHI,putting the ball in mom’s mouth
8236,Action@MOT,moving towards the ball to take it
8236,Laughable@MOT,baby's exciting laugh
8237,Gaze@CHI,mom
8237,Facial@MOT,O-shaped mouth
8237,Gaze@MOT,child
8237,Action@CHI,putting the ball in mom’s mouth
8237,Action@MOT,moving towards the ball to take it
8237,Laughable@MOT,baby's exciting laugh
8238,Gaze@CHI,mom
8238,Facial@MOT,O-shaped mouth
8238,Gaze@MOT,child
8238,Action@CHI,putting the ball in mom’s mouth
8238,Action@MOT,moving towards the ball to take it
8238,Laughter@CHI,L
8238,Laughable@MOT,baby's exciting laugh
8238,Arousal@CHI,high
8238,ReactionReason@CHI,Prank
8239,Gaze@CHI,mom
8239,Facial@MOT,O-shaped mouth
8239,Gaze@MOT,ball
8239,Action@CHI,putting the ball in mom’s mouth
8239,Action@MOT,moving towards the ball to take it
8239,Laughter@CHI,L
8239,Laughable@MOT,baby's exciting laugh
8239,Arousal@CHI,high
8239,ReactionReason@CHI,Prank
8240,Gaze@CHI,mom
8240,Facial@MOT,O-shaped mouth
8240,Gaze@MOT,ball
8240,Action@CHI,putting the ball in mom’s mouth
8240,Action@MOT,moving towards the ball to take it
8240,Laughter@CHI,L
8240,Laughable@MOT,baby's exciting laugh
8240,Arousal@CHI,high
8240,ReactionReason@CHI,Prank
8241,Gaze@CHI,mom
8241,Facial@MOT,O-shaped mouth
8241,Gaze@MOT,ball
8241,Action@CHI,putting the ball in mom’s mouth
8241,Action@MOT,moving towards the ball to take it
8241,Laughter@CHI,L
8241,Laughable@MOT,baby's exciting laugh
8241,Arousal@CHI,high
8241,ReactionReason@CHI,Prank
8242,Gaze@CHI,mom
8242,Facial@MOT,O-shaped mouth
8242,Gaze@MOT,ball
8242,Action@CHI,throwing the ball
8242,Action@MOT,moving towards the ball to take it
8242,Laughter@CHI,L
8242,Laughable@MOT,baby's exciting laugh
8242,Arousal@CHI,high
8242,ReactionReason@CHI,Prank
8243,Gaze@CHI,mom
8243,Facial@MOT,O-shaped mouth
8243,Gaze@MOT,ball
8243,Action@CHI,throwing the ball
8243,Action@MOT,moving towards the ball to take it
8243,Laughter@CHI,L
8243,Laughable@MOT,baby's exciting laugh
8243,Arousal@CHI,high
8243,ReactionReason@CHI,Prank
8244,Gaze@CHI,mom
8244,Facial@MOT,O-shaped mouth
8244,Gaze@MOT,child
8244,Action@CHI,throwing the ball
8244,Laughter@CHI,L
8244,Laughable@CHI,baby intentionally throws away the ball
8244,Laughable@MOT,baby's exciting laugh
8244,Arousal@CHI,high
8244,ReactionReason@CHI,Prank
8245,Gaze@CHI,mom
8245,Facial@MOT,invisible
8245,Gaze@MOT,child
8245,Action@CHI,throwing the ball
8245,Laughter@CHI,L
8245,Laughable@CHI,baby intentionally throws away the ball
8245,Laughable@MOT,baby's exciting laugh
8245,Arousal@CHI,high
8245,ReactionReason@CHI,Prank
8246,Gaze@CHI,mom
8246,Facial@MOT,invisible
8246,Gaze@MOT,child
8246,Action@CHI,falling
8246,Laughter@CHI,L
8246,Laughable@CHI,baby intentionally throws away the ball
8246,Laughable@MOT,baby's exciting laugh
8246,Arousal@CHI,high
8246,ReactionReason@CHI,Prank
8247,Gaze@CHI,mom
8247,Facial@MOT,invisible
8247,Gaze@MOT,child
8247,Action@CHI,falling
8247,Laughter@CHI,L
8247,Laughable@CHI,baby intentionally throws away the ball
8247,Laughable@MOT,baby's exciting laugh
8247,Arousal@CHI,high
8247,ReactionReason@CHI,Prank
8248,Gaze@CHI,mom
8248,Facial@MOT,invisible
8248,Gaze@MOT,child
8248,Action@CHI,falling
8248,Laughter@CHI,L
8248,Laughable@CHI,baby intentionally throws away the ball
8248,Laughable@MOT,baby's exciting laugh
8248,Arousal@CHI,high
8248,ReactionReason@CHI,Prank
8249,Gaze@CHI,mom
8249,Facial@MOT,invisible
8249,Gaze@MOT,child
8249,Action@CHI,falling
8249,Laughter@CHI,L
8249,Laughable@CHI,baby intentionally throws away the ball
8249,Laughable@MOT,baby's exciting laugh
8249,Arousal@CHI,high
8249,ReactionReason@CHI,Prank
8250,Gaze@CHI,mom
8250,Facial@MOT,invisible
8250,Gaze@MOT,child
8250,Action@CHI,falling
8250,Laughter@CHI,L
8250,Laughable@CHI,baby intentionally throws away the ball
8250,Laughable@MOT,baby's exciting laugh
8250,Arousal@CHI,high
8250,ReactionReason@CHI,Prank
8251,Gaze@CHI,mom
8251,Facial@MOT,smile showing teeth
8251,Gaze@MOT,child
8251,Laughter@CHI,L
8251,Laughable@CHI,baby intentionally throws away the ball
8251,Laughable@MOT,baby's exciting laugh
8251,Laughter@MOT,SL
8251,Arousal@CHI,high
8251,ReactionReason@CHI,Prank
8252,Gaze@CHI,mom
8252,Facial@MOT,smile showing teeth
8252,Gaze@MOT,child
8252,Laughter@CHI,L
8252,Laughable@MOT,baby's exciting laugh
8252,Laughter@MOT,SL
8252,Arousal@CHI,high
8252,ReactionReason@CHI,Prank
8253,Gaze@CHI,mom
8253,Facial@MOT,smile showing teeth
8253,Gaze@MOT,child
8253,Laughter@CHI,L
8253,Laughable@MOT,baby's exciting laugh
8253,Laughter@MOT,SL
8253,Arousal@CHI,high
8253,ReactionReason@CHI,Prank
8254,Gaze@CHI,mom
8254,Facial@MOT,smile showing teeth
8254,Gaze@MOT,child
8254,Laughter@CHI,L
8254,Laughable@MOT,baby's exciting laugh
8254,Laughter@MOT,SL
8254,Arousal@CHI,high
8254,ReactionReason@CHI,Prank
8255,Gaze@CHI,mom
8255,Facial@MOT,smile showing teeth
8255,Gaze@MOT,child
8255,Laughter@CHI,L
8255,Laughable@MOT,baby's exciting laugh
8255,Laughter@MOT,SL
8255,Arousal@CHI,high
8255,ReactionReason@CHI,Prank
8256,Gaze@CHI,mom
8256,Facial@MOT,smile showing teeth
8256,Gaze@MOT,child
8256,Laughter@CHI,L
8256,Laughable@MOT,baby's exciting laugh
8256,Laughter@MOT,SL
8256,Arousal@CHI,high
8256,ReactionReason@CHI,Prank
8257,Gaze@CHI,mom
8257,Facial@MOT,smile showing teeth
8257,Gaze@MOT,child
8257,Laughter@CHI,L
8257,Laughable@MOT,baby's exciting laugh
8257,Laughter@MOT,SL
8257,Arousal@CHI,high
8257,ReactionReason@CHI,Prank
8258,Gaze@CHI,mom
8258,Facial@MOT,smile showing teeth
8258,Gaze@MOT,child
8258,Laughter@CHI,L
8258,Laughable@MOT,baby's exciting laugh
8258,Laughter@MOT,SL
8258,Arousal@CHI,high
8258,ReactionReason@CHI,Prank
8259,Gaze@CHI,mom
8259,Facial@MOT,smile showing teeth
8259,Gaze@MOT,child
8259,Laughter@CHI,L
8259,Laughable@MOT,baby's exciting laugh
8259,Laughter@MOT,SL
8259,Arousal@CHI,high
8259,ReactionReason@CHI,Prank
8260,Gaze@CHI,mom
8260,Facial@MOT,smile showing teeth
8260,Gaze@MOT,child
8260,Laughter@CHI,L
8260,Laughable@MOT,baby's exciting laugh
8260,Laughter@MOT,SL
8260,Arousal@CHI,high
8260,ReactionReason@CHI,Prank
8261,Gaze@CHI,mom
8261,Facial@MOT,smile showing teeth
8261,Gaze@MOT,child
8261,Laughter@CHI,L
8261,Laughter@MOT,SL
8261,Arousal@CHI,high
8261,ReactionReason@CHI,Prank
8262,Gaze@CHI,mom
8262,Facial@MOT,smile showing teeth
8262,Gaze@MOT,child
8262,Laughter@CHI,L
8262,Laughter@MOT,SL
8262,Arousal@CHI,high
8262,ReactionReason@CHI,Prank
8263,Gaze@CHI,mom
8263,Facial@MOT,smile showing teeth
8263,Utterance@MOT,What even set off you laughing so hard?
8263,Prosody@MOT,rising-falling
8263,Gaze@MOT,child
8263,Laughter@MOT,SL
8264,Gaze@CHI,mom
8264,Facial@MOT,smile showing teeth
8264,Utterance@MOT,What even set off you laughing so hard?
8264,Prosody@MOT,rising-falling
8264,Gaze@MOT,child
8264,Laughter@MOT,SL
8265,Gaze@CHI,mom
8265,Facial@MOT,smile showing teeth
8265,Utterance@MOT,What even set off you laughing so hard?
8265,Prosody@MOT,rising-falling
8265,Gaze@MOT,child
8265,Laughter@MOT,SL
8266,Gaze@CHI,mom
8266,Facial@MOT,invisible
8266,Utterance@MOT,What even set off you laughing so hard?
8266,Prosody@MOT,rising-falling
8266,Gaze@MOT,child
8266,Laughter@MOT,SL
8267,Gaze@CHI,mom
8267,Facial@MOT,invisible
8267,Utterance@MOT,What even set off you laughing so hard?
8267,Prosody@MOT,rising-falling
8267,Gaze@MOT,child
8267,Laughter@MOT,SL
8268,Gaze@CHI,aside
8268,Facial@MOT,invisible
8268,Utterance@MOT,What even set off you laughing so hard?
8268,Prosody@MOT,rising-falling
8268,Gaze@MOT,child
8268,Laughter@MOT,SL
8269,Gaze@CHI,aside
8269,Facial@MOT,invisible
8269,Utterance@MOT,What even set off you laughing so hard?
8269,Prosody@MOT,rising-falling
8269,Gaze@MOT,child
8269,Laughter@MOT,SL
8270,Gaze@CHI,aside
8270,Facial@MOT,invisible
8270,Utterance@MOT,What even set off you laughing so hard?
8270,Prosody@MOT,rising-falling
8270,Gaze@MOT,child
8270,Laughter@MOT,SL
8271,Gaze@CHI,aside
8271,Facial@MOT,invisible
8271,Utterance@MOT,What even set off you laughing so hard?
8271,Prosody@MOT,rising-falling
8271,Gaze@MOT,child
8271,Laughter@MOT,SL
8272,Gaze@CHI,aside
8272,Facial@MOT,invisible
8272,Utterance@MOT,What even set off you laughing so hard?
8272,Prosody@MOT,rising-falling
8272,Gaze@MOT,child
8272,Laughter@MOT,SL
8273,Gaze@CHI,aside
8273,Facial@MOT,invisible
8273,Utterance@MOT,What even set off you laughing so hard?
8273,Prosody@MOT,rising-falling
8273,Gaze@MOT,child
8273,Laughter@MOT,SL
8274,Gaze@CHI,aside
8274,Facial@MOT,invisible
8274,Utterance@MOT,What even set off you laughing so hard?
8274,Prosody@MOT,rising-falling
8274,Gaze@MOT,child
8274,Laughter@MOT,SL
8275,Gaze@CHI,aside
8275,Facial@MOT,invisible
8275,Utterance@MOT,What even set off you laughing so hard?
8275,Prosody@MOT,rising-falling
8275,Gaze@MOT,child
8275,Laughter@MOT,SL
8276,Gaze@CHI,aside
8276,Facial@MOT,invisible
8276,Utterance@MOT,What even set off you laughing so hard?
8276,Prosody@MOT,rising-falling
8276,Gaze@MOT,invisible
8276,Laughter@MOT,SL
8277,Gaze@CHI,aside
8277,Facial@MOT,invisible
8277,Utterance@MOT,What even set off you laughing so hard?
8277,Prosody@MOT,rising-falling
8277,Gaze@MOT,invisible
8277,Laughter@MOT,SL
8278,Gaze@CHI,aside
8278,Facial@MOT,invisible
8278,Utterance@MOT,What even set off you laughing so hard?
8278,Prosody@MOT,rising-falling
8278,Gaze@MOT,invisible
8278,Laughter@MOT,SL
8279,Gaze@CHI,aside
8279,Facial@MOT,invisible
8279,Utterance@MOT,What even set off you laughing so hard?
8279,Prosody@MOT,rising-falling
8279,Gaze@MOT,invisible
8279,Laughter@MOT,SL
8280,Gaze@CHI,aside
8280,Facial@MOT,invisible
8280,Utterance@MOT,What even set off you laughing so hard?
8280,Prosody@MOT,rising-falling
8280,Gaze@MOT,invisible
8280,Laughter@MOT,SL
8281,Gaze@CHI,aside
8281,Facial@MOT,invisible
8281,Utterance@MOT,What even set off you laughing so hard?
8281,Prosody@MOT,rising-falling
8281,Gaze@MOT,invisible
8281,Laughter@MOT,SL
8282,Gaze@CHI,aside
8282,Facial@MOT,invisible
8282,Utterance@MOT,What even set off you laughing so hard?
8282,Prosody@MOT,rising-falling
8282,Gaze@MOT,invisible
8282,Laughter@MOT,SL
8283,Gaze@CHI,aside
8283,Facial@MOT,invisible
8283,Utterance@MOT,What even set off you laughing so hard?
8283,Prosody@MOT,rising-falling
8283,Gaze@MOT,invisible
8283,Laughter@MOT,SL
8284,Gaze@CHI,aside
8284,Facial@MOT,invisible
8284,Utterance@MOT,What even set off you laughing so hard?
8284,Prosody@MOT,rising-falling
8284,Gaze@MOT,invisible
8284,Laughter@MOT,SL
8285,Gaze@CHI,aside
8285,Facial@MOT,invisible
8285,Gaze@MOT,invisible
8286,Gaze@CHI,aside
8286,Facial@MOT,invisible
8286,Gaze@MOT,invisible
8287,Gaze@CHI,aside
8287,Facial@MOT,invisible
8287,Gaze@MOT,invisible
8288,Gaze@CHI,aside
8288,Facial@MOT,invisible
8288,Gaze@MOT,invisible
8289,Gaze@CHI,aside
8289,Facial@MOT,invisible
8289,Gaze@MOT,invisible
8290,Gaze@CHI,aside
8290,Facial@MOT,invisible
8290,Gaze@MOT,invisible
8291,Gaze@CHI,aside
8291,Facial@MOT,invisible
8291,Gaze@MOT,invisible
8292,Gaze@CHI,mom
8292,Facial@MOT,invisible
8292,Gaze@MOT,invisible
8293,Gaze@CHI,mom
8293,Facial@MOT,invisible
8293,Gaze@MOT,invisible
8293,Action@MOT,holding the ball in mouth
8294,Gaze@CHI,mom
8294,Facial@MOT,neutral
8294,Gaze@MOT,child
8294,Action@MOT,holding the ball in mouth
8295,Gaze@CHI,mom
8295,Facial@MOT,neutral
8295,Gaze@MOT,child
8295,Action@MOT,holding the ball in mouth
8296,Gaze@CHI,mom
8296,Facial@MOT,neutral
8296,Gaze@MOT,child
8296,Action@MOT,holding the ball in mouth
8296,Laughable@CHI,mom with the ball in her mouth
8297,Gaze@CHI,mom
8297,Facial@MOT,neutral
8297,Gaze@MOT,child
8297,Action@MOT,holding the ball in mouth
8297,Laughable@CHI,mom with the ball in her mouth
8298,Gaze@CHI,mom
8298,Facial@MOT,neutral
8298,Gaze@MOT,child
8298,Action@MOT,holding the ball in mouth
8298,Laughable@CHI,mom with the ball in her mouth
8299,Gaze@CHI,mom
8299,Facial@MOT,neutral
8299,Gaze@MOT,child
8299,Action@MOT,holding the ball in mouth
8299,Laughable@CHI,mom with the ball in her mouth
8300,Gaze@CHI,mom
8300,Facial@MOT,neutral
8300,Gaze@MOT,child
8300,Action@MOT,holding the ball in mouth
8301,Gaze@CHI,mom
8301,Facial@MOT,neutral
8301,Gaze@MOT,child
8301,Action@MOT,holding the ball in mouth
8301,Laughter@CHI,L
8301,Arousal@CHI,middle
8301,ReactionReason@CHI,Violation of behaviour schema
8302,Gaze@CHI,mom
8302,Facial@MOT,neutral
8302,Gaze@MOT,child
8302,Action@MOT,holding the ball in mouth
8302,Laughter@CHI,L
8302,Arousal@CHI,middle
8302,ReactionReason@CHI,Violation of behaviour schema
8303,Gaze@CHI,mom
8303,Facial@MOT,neutral
8303,Gaze@MOT,child
8303,Action@MOT,holding the ball in mouth
8303,Laughter@CHI,L
8303,Arousal@CHI,middle
8303,ReactionReason@CHI,Violation of behaviour schema
8304,Gaze@CHI,mom
8304,Facial@MOT,neutral
8304,Gaze@MOT,child
8304,Action@MOT,holding the ball in mouth
8304,Laughter@CHI,L
8304,Arousal@CHI,middle
8304,ReactionReason@CHI,Violation of behaviour schema
8305,Gaze@CHI,mom
8305,Facial@MOT,neutral
8305,Gaze@MOT,child
8305,Action@MOT,holding the ball in mouth
8305,Laughable@CHI,mom spits the ball out of the mouth
8305,ReactionReason@CHI,Violation of behaviour schema
8306,Gaze@CHI,mom
8306,Facial@MOT,neutral
8306,Gaze@MOT,child
8306,Action@MOT,holding the ball in mouth
8306,Laughable@CHI,mom spits the ball out of the mouth
8306,ReactionReason@CHI,Violation of behaviour schema
8307,Gaze@CHI,mom
8307,Facial@MOT,neutral
8307,Gaze@MOT,child
8307,Action@MOT,spitting out the ball
8307,Laughable@CHI,mom spits the ball out of the mouth
8307,ReactionReason@CHI,Violation of behaviour schema
8308,Gaze@CHI,mom
8308,Facial@MOT,neutral
8308,Gaze@MOT,child
8308,Action@MOT,spitting out the ball
8308,Laughable@CHI,mom spits the ball out of the mouth
8308,ReactionReason@CHI,Violation of behaviour schema
8309,Gaze@CHI,mom
8309,Facial@MOT,neutral
8309,Gaze@MOT,child
8309,Action@MOT,spitting out the ball
8309,Laughter@CHI,L
8309,Arousal@CHI,low
8309,ReactionReason@CHI,Violation of behaviour schema
8310,Gaze@CHI,mom
8310,Facial@MOT,neutral
8310,Gaze@MOT,child
8310,Action@MOT,spitting out the ball
8310,Laughter@CHI,L
8310,Arousal@CHI,low
8310,ReactionReason@CHI,Violation of behaviour schema
8311,Gaze@CHI,mom
8311,Facial@MOT,smile showing teeth
8311,Gaze@MOT,child
8311,Laughter@CHI,L
8311,Arousal@CHI,low
8311,ReactionReason@CHI,Violation of behaviour schema
8312,Gaze@CHI,mom
8312,Facial@MOT,smile showing teeth
8312,Gaze@MOT,child
8312,Laughter@CHI,L
8312,Arousal@CHI,low
8312,ReactionReason@CHI,Violation of behaviour schema
8313,Gaze@CHI,mom
8313,Facial@MOT,smile showing teeth
8313,Gaze@MOT,child
8313,Laughter@CHI,L
8313,Arousal@CHI,low
8313,ReactionReason@CHI,Violation of behaviour schema
8314,Gaze@CHI,mom
8314,Facial@MOT,smile showing teeth
8314,Gaze@MOT,child
8314,Laughter@CHI,L
8314,Arousal@CHI,low
8314,ReactionReason@CHI,Violation of behaviour schema
8315,Gaze@CHI,mom
8315,Facial@MOT,smile showing teeth
8315,Gaze@MOT,child
8315,Laughter@CHI,L
8315,Arousal@CHI,low
8315,ReactionReason@CHI,Violation of behaviour schema
8316,Gaze@CHI,mom
8316,Facial@MOT,smile showing teeth
8316,Gaze@MOT,child
8316,Laughter@CHI,L
8316,Arousal@CHI,low
8316,ReactionReason@CHI,Violation of behaviour schema
8317,Gaze@CHI,mom
8317,Facial@MOT,smile showing teeth
8317,Gaze@MOT,child
8317,Laughter@CHI,L
8317,Arousal@CHI,low
8317,ReactionReason@CHI,Violation of behaviour schema
8318,Gaze@CHI,mom
8318,Facial@MOT,smile showing teeth
8318,Gaze@MOT,child
8318,Laughter@CHI,L
8318,Arousal@CHI,low
8318,ReactionReason@CHI,Violation of behaviour schema
8319,Gaze@CHI,mom
8319,Facial@MOT,smile showing teeth
8319,Gaze@MOT,child
8319,Laughter@CHI,L
8319,Arousal@CHI,low
8319,ReactionReason@CHI,Violation of behaviour schema
8320,Gaze@CHI,mom
8320,Facial@MOT,smile showing teeth
8320,Gaze@MOT,child
8320,Laughter@CHI,L
8320,Arousal@CHI,low
8320,ReactionReason@CHI,Violation of behaviour schema
8321,Gaze@CHI,mom
8321,Facial@MOT,smile showing teeth
8321,Gaze@MOT,child
8321,Laughter@CHI,L
8321,Arousal@CHI,low
8321,ReactionReason@CHI,Violation of behaviour schema
8322,Gaze@CHI,mom
8322,Facial@MOT,smile showing teeth
8322,Gaze@MOT,child
8322,Laughter@CHI,L
8322,Arousal@CHI,low
8322,ReactionReason@CHI,Violation of behaviour schema
8323,Gaze@CHI,mom
8323,Facial@MOT,smile showing teeth
8323,Gaze@MOT,child
8323,Laughter@CHI,L
8323,Arousal@CHI,low
8323,ReactionReason@CHI,Violation of behaviour schema
8324,Gaze@CHI,mom
8324,Facial@MOT,smile showing teeth
8324,Gaze@MOT,child
8324,Laughter@CHI,L
8324,Arousal@CHI,low
8324,ReactionReason@CHI,Violation of behaviour schema
8325,Gaze@CHI,mom
8325,Facial@MOT,smile showing teeth
8325,Gaze@MOT,child
8325,Laughter@CHI,L
8325,Arousal@CHI,low
8325,ReactionReason@CHI,Violation of behaviour schema
8326,Gaze@CHI,mom
8326,Facial@MOT,smile showing teeth
8326,Gaze@MOT,child
8326,Laughter@CHI,L
8326,Arousal@CHI,low
8326,ReactionReason@CHI,Violation of behaviour schema
8327,Gaze@CHI,mom
8327,Facial@MOT,smile showing teeth
8327,Gaze@MOT,child
8327,Laughter@CHI,L
8327,Arousal@CHI,low
8327,ReactionReason@CHI,Violation of behaviour schema
8328,Gaze@CHI,mom
8328,Facial@MOT,smile showing teeth
8328,Gaze@MOT,child
8328,Laughter@CHI,L
8328,Arousal@CHI,low
8328,ReactionReason@CHI,Violation of behaviour schema
8329,Gaze@CHI,mom
8329,Facial@MOT,smile showing teeth
8329,Gaze@MOT,child
8329,Laughter@CHI,L
8329,Arousal@CHI,low
8329,ReactionReason@CHI,Violation of behaviour schema
8330,Gaze@CHI,mom
8330,Facial@MOT,smile showing teeth
8330,Gaze@MOT,child
8330,Laughter@CHI,L
8330,Arousal@CHI,low
8330,ReactionReason@CHI,Violation of behaviour schema
8331,Gaze@CHI,mom
8331,Facial@MOT,smile showing teeth
8331,Gaze@MOT,child
8331,Laughter@CHI,L
8331,Arousal@CHI,low
8331,ReactionReason@CHI,Violation of behaviour schema
8332,Gaze@CHI,mom
8332,Facial@MOT,smile showing teeth
8332,Gaze@MOT,child
8332,Laughter@CHI,L
8332,Arousal@CHI,low
8332,ReactionReason@CHI,Violation of behaviour schema
8333,Gaze@CHI,mom
8333,Facial@MOT,smile showing teeth
8333,Gaze@MOT,child
8333,Laughter@CHI,L
8333,Arousal@CHI,low
8333,ReactionReason@CHI,Violation of behaviour schema
8334,Gaze@CHI,mom
8334,Facial@MOT,smile showing teeth
8334,Gaze@MOT,child
8334,Laughter@CHI,L
8334,Arousal@CHI,low
8334,ReactionReason@CHI,Sensory Stimulation (tickling)
8335,Gaze@CHI,mom
8335,Facial@MOT,smile showing teeth
8335,Gaze@MOT,child
8335,Laughter@CHI,L
8335,Arousal@CHI,low
8335,ReactionReason@CHI,Sensory Stimulation (tickling)
8336,Gaze@CHI,mom
8336,Facial@MOT,smile showing teeth
8336,Gaze@MOT,child
8336,Laughter@CHI,L
8336,Arousal@CHI,low
8336,ReactionReason@CHI,Sensory Stimulation (tickling)
8337,Gaze@CHI,mom
8337,Facial@MOT,smile showing teeth
8337,Gaze@MOT,child
8337,Laughter@CHI,L
8337,Arousal@CHI,low
8337,ReactionReason@CHI,Sensory Stimulation (tickling)
8338,Gaze@CHI,mom
8338,Facial@MOT,smile showing teeth
8338,Gaze@MOT,child
8338,Laughter@CHI,L
8338,Arousal@CHI,low
8338,ReactionReason@CHI,Sensory Stimulation (tickling)
8339,Gaze@CHI,mom
8339,Facial@MOT,smile showing teeth
8339,Gaze@MOT,child
8339,Laughter@CHI,L
8339,Arousal@CHI,low
8339,ReactionReason@CHI,Sensory Stimulation (tickling)
8340,Gaze@CHI,mom
8340,Facial@MOT,smile showing teeth
8340,Gaze@MOT,child
8340,Laughter@CHI,L
8340,Laughable@CHI,mom is tickling the child
8340,Arousal@CHI,low
8340,ReactionReason@CHI,Sensory Stimulation (tickling)
8341,Gaze@CHI,mom
8341,Facial@MOT,smile showing teeth
8341,Gaze@MOT,child
8341,Action@MOT,tickling the child
8341,Laughter@CHI,L
8341,Laughable@CHI,mom is tickling the child
8341,Arousal@CHI,low
8341,ReactionReason@CHI,Sensory Stimulation (tickling)
8342,Gaze@CHI,mom
8342,Facial@MOT,smile showing teeth
8342,Gaze@MOT,child
8342,Action@MOT,tickling the child
8342,Laughter@CHI,L
8342,Laughable@CHI,mom is tickling the child
8342,Arousal@CHI,low
8342,ReactionReason@CHI,Sensory Stimulation (tickling)
8343,Gaze@CHI,mom
8343,Facial@MOT,smile showing teeth
8343,Gaze@MOT,child
8343,Action@MOT,tickling the child
8343,Laughter@CHI,L
8343,Arousal@CHI,low
8343,ReactionReason@CHI,Sensory Stimulation (tickling)
8344,Gaze@CHI,mom
8344,Facial@MOT,smile showing teeth
8344,Gaze@MOT,child
8344,Action@MOT,tickling the child
8344,Laughter@CHI,L
8344,Arousal@CHI,low
8344,ReactionReason@CHI,Sensory Stimulation (tickling)
8345,Gaze@CHI,mom
8345,Facial@MOT,smile showing teeth
8345,Gaze@MOT,child
8345,Action@MOT,tickling the child
8345,Laughter@CHI,L
8345,Arousal@CHI,low
8345,ReactionReason@CHI,Sensory Stimulation (tickling)
8346,Gaze@CHI,mom
8346,Facial@MOT,smile showing teeth
8346,Gaze@MOT,child
8346,Action@MOT,tickling the child
8346,Laughter@CHI,L
8346,Arousal@CHI,low
8346,ReactionReason@CHI,Sensory Stimulation (tickling)
8347,Gaze@CHI,mom
8347,Facial@MOT,smile showing teeth
8347,Gaze@MOT,child
8347,Action@MOT,tickling the child
8347,Laughter@CHI,L
8347,Arousal@CHI,low
8347,ReactionReason@CHI,Sensory Stimulation (tickling)
8348,Gaze@CHI,mom
8348,Facial@MOT,smile showing teeth
8348,Gaze@MOT,child
8348,Action@MOT,tickling the child
8348,Laughter@CHI,L
8348,Arousal@CHI,low
8348,ReactionReason@CHI,Sensory Stimulation (tickling)
8349,Gaze@CHI,mom
8349,Facial@MOT,smile showing teeth
8349,Gaze@MOT,child
8349,Action@MOT,tickling the child
8349,Laughter@CHI,L
8349,Arousal@CHI,low
8349,ReactionReason@CHI,Sensory Stimulation (tickling)
8350,Gaze@CHI,mom
8350,Facial@MOT,smile showing teeth
8350,Utterance@MOT,... tickle you
8350,Prosody@MOT,falling
8350,Gaze@MOT,child
8350,Action@MOT,tickling the child
8350,Laughter@CHI,L
8350,Arousal@CHI,low
8350,ReactionReason@CHI,Sensory Stimulation (tickling)
8351,Gaze@CHI,mom
8351,Facial@MOT,smile showing teeth
8351,Utterance@MOT,... tickle you
8351,Prosody@MOT,falling
8351,Gaze@MOT,child
8351,Action@MOT,tickling the child
8351,Laughter@CHI,L
8351,Arousal@CHI,low
8351,ReactionReason@CHI,Sensory Stimulation (tickling)
8352,Gaze@CHI,mom
8352,Facial@MOT,smile showing teeth
8352,Utterance@MOT,... tickle you
8352,Prosody@MOT,falling
8352,Gaze@MOT,child
8352,Action@MOT,tickling the child
8352,Laughter@CHI,L
8352,Arousal@CHI,low
8352,ReactionReason@CHI,Sensory Stimulation (tickling)
8353,Gaze@CHI,mom
8353,Facial@MOT,smile showing teeth
8353,Utterance@MOT,... tickle you
8353,Prosody@MOT,falling
8353,Gaze@MOT,child
8353,Action@MOT,tickling the child
8353,Laughter@CHI,L
8353,Arousal@CHI,low
8353,ReactionReason@CHI,Sensory Stimulation (tickling)
8354,Gaze@CHI,mom
8354,Facial@MOT,smile showing teeth
8354,Utterance@MOT,... tickle you
8354,Prosody@MOT,falling
8354,Gaze@MOT,child
8354,Action@MOT,tickling the child
8354,Laughter@CHI,L
8354,Arousal@CHI,low
8354,ReactionReason@CHI,Sensory Stimulation (tickling)
8355,Gaze@CHI,mom
8355,Facial@MOT,smile showing teeth
8355,Utterance@MOT,... tickle you
8355,Prosody@MOT,falling
8355,Gaze@MOT,child
8355,Action@MOT,tickling the child
8355,ReactionReason@CHI,Sensory Stimulation (tickling)
8356,Gaze@CHI,mom
8356,Facial@MOT,smile showing teeth
8356,Utterance@MOT,... tickle you
8356,Prosody@MOT,falling
8356,Gaze@MOT,child
8356,Action@MOT,tickling the child
8356,ReactionReason@CHI,Sensory Stimulation (tickling)
8357,Gaze@CHI,mom
8357,Facial@MOT,smile showing teeth
8357,Utterance@MOT,... tickle you
8357,Prosody@MOT,falling
8357,Gaze@MOT,child
8357,ReactionReason@CHI,Sensory Stimulation (tickling)
8358,Gaze@CHI,mom
8358,Facial@MOT,smile showing teeth
8358,Utterance@MOT,... tickle you
8358,Prosody@MOT,falling
8358,Gaze@MOT,child
8358,ReactionReason@CHI,Sensory Stimulation (tickling)
8359,Gaze@CHI,mom
8359,Facial@MOT,smile showing teeth
8359,Utterance@MOT,... tickle you
8359,Prosody@MOT,falling
8359,Gaze@MOT,child
8359,ReactionReason@CHI,Sensory Stimulation (tickling)
8360,Gaze@CHI,mom
8360,Facial@MOT,smile showing teeth
8360,Utterance@MOT,... tickle you
8360,Prosody@MOT,falling
8360,Gaze@MOT,child
8360,ReactionReason@CHI,Sensory Stimulation (tickling)
8361,Gaze@CHI,mom
8361,Facial@MOT,smile showing teeth
8361,Utterance@MOT,... tickle you
8361,Prosody@MOT,falling
8361,Gaze@MOT,child
8362,Gaze@CHI,mom
8362,Facial@MOT,smile showing teeth
8362,Utterance@MOT,... tickle you
8362,Prosody@MOT,falling
8362,Gaze@MOT,child
8363,Gaze@CHI,mom
8363,Facial@MOT,smile showing teeth
8363,Utterance@MOT,... tickle you
8363,Prosody@MOT,falling
8363,Gaze@MOT,child
8364,Gaze@CHI,mom
8364,Facial@MOT,invisible
8364,Utterance@MOT,... tickle you
8364,Prosody@MOT,falling
8364,Gaze@MOT,invisible
8365,Gaze@CHI,ceiling
8365,Facial@MOT,invisible
8365,Gaze@MOT,invisible
8366,Gaze@CHI,ceiling
8366,Facial@MOT,invisible
8366,Gaze@MOT,invisible
8367,Gaze@CHI,ceiling
8367,Facial@MOT,invisible
8367,Gaze@MOT,invisible
8368,Gaze@CHI,ceiling
8368,Facial@MOT,invisible
8368,Gaze@MOT,invisible
8369,Gaze@CHI,ceiling
8369,Facial@MOT,invisible
8369,Gaze@MOT,invisible
8370,Gaze@CHI,ceiling
8370,Facial@MOT,invisible
8370,Gaze@MOT,invisible
8371,Gaze@CHI,ceiling
8371,Facial@MOT,invisible
8371,Gaze@MOT,invisible
8372,Gaze@CHI,ceiling
8372,Facial@MOT,invisible
8372,Gaze@MOT,invisible
8373,Gaze@CHI,ceiling
8373,Facial@MOT,invisible
8373,Gaze@MOT,invisible
8374,Gaze@CHI,ceiling
8374,Facial@MOT,invisible
8374,Gaze@MOT,invisible
8375,Gaze@CHI,ceiling
8375,Facial@MOT,invisible
8375,Gaze@MOT,invisible
8376,Gaze@CHI,ceiling
8376,Facial@MOT,invisible
8376,Gaze@MOT,invisible
8377,Gaze@CHI,ceiling
8377,Facial@MOT,invisible
8377,Gaze@MOT,invisible
8378,Gaze@CHI,ceiling
8378,Facial@MOT,invisible
8378,Gaze@MOT,invisible
8379,Gaze@CHI,ceiling
8379,Facial@MOT,invisible
8379,Gaze@MOT,invisible
8380,Gaze@CHI,ceiling
8380,Facial@MOT,invisible
8380,Gaze@MOT,invisible
8381,Gaze@CHI,ceiling
8381,Facial@MOT,invisible
8381,Gaze@MOT,invisible
8382,Gaze@CHI,ceiling
8382,Facial@MOT,invisible
8382,Gaze@MOT,invisible
8383,Gaze@CHI,ceiling
8383,Facial@MOT,invisible
8383,Gaze@MOT,invisible
8384,Gaze@CHI,ceiling
8384,Facial@MOT,invisible
8384,Gaze@MOT,invisible
8385,Gaze@CHI,ceiling
8385,Facial@MOT,invisible
8385,Gaze@MOT,invisible
8386,Gaze@CHI,mom
8386,Facial@MOT,smile
8386,Gaze@MOT,child
8387,Gaze@CHI,mom
8387,Facial@MOT,smile
8387,Gaze@MOT,child
8388,Gaze@CHI,mom
8388,Facial@MOT,smile
8388,Gaze@MOT,child
8389,Gaze@CHI,mom
8389,Facial@MOT,smile
8389,Gaze@MOT,child
8390,Gaze@CHI,mom
8390,Facial@MOT,smile
8390,Gaze@MOT,child
8391,Gaze@CHI,mom
8391,Facial@MOT,smile
8391,Gaze@MOT,child
8392,Gaze@CHI,mom
8392,Facial@MOT,smile
8392,Gaze@MOT,child
8393,Gaze@CHI,mom
8393,Facial@MOT,smile
8393,Gaze@MOT,child
8394,Gaze@CHI,mom
8394,Facial@MOT,smile
8394,Gaze@MOT,child
8394,Action@MOT,sending an air kiss
8395,Gaze@CHI,mom
8395,Facial@MOT,smile
8395,Gaze@MOT,child
8395,Action@MOT,sending an air kiss
8395,Laughter@CHI,L
8395,Arousal@CHI,middle
8395,ReactionReason@CHI,Prank
8396,Gaze@CHI,mom
8396,Facial@MOT,smile
8396,Gaze@MOT,child
8396,Action@MOT,sending an air kiss
8396,Laughter@CHI,L
8396,Arousal@CHI,middle
8396,ReactionReason@CHI,Prank
8397,Gaze@CHI,mom
8397,Facial@MOT,smile
8397,Gaze@MOT,child
8397,Action@MOT,sending an air kiss
8397,Laughter@CHI,L
8397,Arousal@CHI,middle
8397,ReactionReason@CHI,Prank
8398,Gaze@CHI,mom
8398,Facial@MOT,smile
8398,Gaze@MOT,child
8398,Action@MOT,sending an air kiss
8398,Laughter@CHI,L
8398,Arousal@CHI,middle
8398,ReactionReason@CHI,Prank
8399,Gaze@CHI,mom
8399,Facial@MOT,smile
8399,Gaze@MOT,child
8399,Laughter@CHI,L
8399,Arousal@CHI,middle
8399,ReactionReason@CHI,Prank
8400,Gaze@CHI,mom
8400,Facial@MOT,smile
8400,Gaze@MOT,child
8400,Laughter@CHI,L
8400,Arousal@CHI,middle
8400,ReactionReason@CHI,Prank
8401,Gaze@CHI,mom
8401,Facial@MOT,smile
8401,Gaze@MOT,child
8401,Laughter@CHI,L
8401,Arousal@CHI,middle
8401,ReactionReason@CHI,Prank
8402,Gaze@CHI,mom
8402,Facial@MOT,smile
8402,Gaze@MOT,child
8402,Laughter@CHI,L
8402,Arousal@CHI,middle
8402,ReactionReason@CHI,Prank
8403,Gaze@CHI,mom
8403,Facial@MOT,smile
8403,Gaze@MOT,child
8403,Laughter@CHI,L
8403,Arousal@CHI,middle
8403,ReactionReason@CHI,Prank
8404,Gaze@CHI,mom
8404,Facial@MOT,smile
8404,Gaze@MOT,child
8404,Laughter@CHI,L
8404,Arousal@CHI,middle
8404,ReactionReason@CHI,Prank
8405,Gaze@CHI,mom
8405,Facial@MOT,smile
8405,Gaze@MOT,child
8405,Laughter@CHI,L
8405,Arousal@CHI,middle
8405,ReactionReason@CHI,Prank
8406,Gaze@CHI,mom
8406,Facial@MOT,smile
8406,Gaze@MOT,child
8406,Laughter@CHI,L
8406,Arousal@CHI,middle
8406,ReactionReason@CHI,Prank
8407,Gaze@CHI,mom
8407,Facial@MOT,smile
8407,Gaze@MOT,child
8407,Laughter@CHI,L
8407,Arousal@CHI,middle
8407,ReactionReason@CHI,Prank
8408,Gaze@CHI,mom
8408,Facial@MOT,smile
8408,Gaze@MOT,child
8408,Laughter@CHI,L
8408,Arousal@CHI,middle
8408,ReactionReason@CHI,Prank
8409,Gaze@CHI,mom
8409,Facial@MOT,smile
8409,Gaze@MOT,child
8409,Laughter@CHI,L
8409,Arousal@CHI,middle
8409,ReactionReason@CHI,Prank
8410,Gaze@CHI,mom
8410,Facial@MOT,smile
8410,Gaze@MOT,child
8410,Laughter@CHI,L
8410,Arousal@CHI,middle
8410,ReactionReason@CHI,Prank
8411,Gaze@CHI,mom
8411,Facial@MOT,smile
8411,Gaze@MOT,child
8411,Laughter@CHI,L
8411,Arousal@CHI,middle
8411,ReactionReason@CHI,Prank
8412,Gaze@CHI,mom
8412,Facial@MOT,smile
8412,Utterance@CHI,heavy breathing
8412,Gaze@MOT,child
8412,Arousal@CHI,middle
8413,Gaze@CHI,mom
8413,Facial@MOT,smile
8413,Utterance@CHI,heavy breathing
8413,Gaze@MOT,child
8413,Arousal@CHI,middle
8414,Gaze@CHI,mom
8414,Facial@MOT,smile
8414,Utterance@CHI,heavy breathing
8414,Gaze@MOT,child
8414,Arousal@CHI,middle
8415,Gaze@CHI,mom
8415,Facial@MOT,smile
8415,Utterance@CHI,heavy breathing
8415,Gaze@MOT,child
8415,Arousal@CHI,middle
8416,Gaze@CHI,mom
8416,Facial@MOT,smile
8416,Utterance@CHI,heavy breathing
8416,Gaze@MOT,child
8416,Arousal@CHI,middle
8417,Gaze@CHI,mom
8417,Facial@MOT,smile
8417,Utterance@CHI,heavy breathing
8417,Gaze@MOT,child
8417,Arousal@CHI,middle
8418,Gaze@CHI,mom
8418,Facial@MOT,smile
8418,Utterance@CHI,heavy breathing
8418,Gaze@MOT,child
8418,Arousal@CHI,middle
8419,Gaze@CHI,mom
8419,Facial@MOT,smile
8419,Utterance@CHI,heavy breathing
8419,Gaze@MOT,child
8419,Arousal@CHI,middle
8420,Gaze@CHI,mom
8420,Facial@MOT,smile
8420,Utterance@CHI,heavy breathing
8420,Gaze@MOT,child
8420,Arousal@CHI,middle
8421,Gaze@CHI,mom
8421,Facial@MOT,smile
8421,Utterance@CHI,heavy breathing
8421,Gaze@MOT,child
8421,Arousal@CHI,middle
8422,Gaze@CHI,mom
8422,Facial@MOT,smile
8422,Utterance@CHI,heavy breathing
8422,Gaze@MOT,child
8422,Arousal@CHI,middle
8423,Gaze@CHI,mom
8423,Facial@MOT,smile
8423,Utterance@CHI,heavy breathing
8423,Gaze@MOT,child
8423,Arousal@CHI,middle
8424,Facial@MOT,smile
8424,Utterance@CHI,heavy breathing
8424,Arousal@CHI,middle
8425,Gaze@CHI,toy
8425,Facial@MOT,smile
8425,Gaze@MOT,invisible
8426,Gaze@CHI,toy
8426,Facial@MOT,invisible
8426,Gaze@MOT,invisible
8427,Gaze@CHI,toy
8427,Facial@MOT,invisible
8427,Gaze@MOT,invisible
8428,Gaze@CHI,toy
8428,Facial@MOT,invisible
8428,Gaze@MOT,invisible
8429,Gaze@CHI,toy
8429,Facial@MOT,invisible
8429,Gaze@MOT,invisible
8430,Gaze@CHI,toy
8430,Facial@MOT,invisible
8430,Gaze@MOT,invisible
8431,Gaze@CHI,toy
8431,Facial@MOT,invisible
8431,Gaze@MOT,invisible
8432,Gaze@CHI,toy
8432,Facial@MOT,invisible
8432,Gaze@MOT,invisible
8433,Gaze@CHI,toy
8433,Facial@MOT,invisible
8433,Gaze@MOT,invisible
8434,Gaze@CHI,toy
8434,Facial@MOT,invisible
8434,Gaze@MOT,invisible
8435,Gaze@CHI,toy
8435,Facial@MOT,invisible
8435,Gaze@MOT,invisible
8436,Gaze@CHI,glass
8436,Facial@MOT,invisible
8436,Gaze@MOT,invisible
8437,Gaze@CHI,glass
8437,Facial@MOT,invisible
8437,Gaze@MOT,invisible
8438,Gaze@CHI,glass
8438,Facial@MOT,invisible
8438,Gaze@MOT,invisible
8439,Gaze@CHI,glass
8439,Facial@MOT,invisible
8439,Gaze@MOT,invisible
8440,Gaze@CHI,glass
8440,Facial@MOT,invisible
8440,Gaze@MOT,invisible
8441,Gaze@CHI,glass
8441,Facial@MOT,invisible
8441,Gaze@MOT,invisible
8442,Gaze@CHI,glass
8442,Facial@MOT,invisible
8442,Gaze@MOT,invisible
8443,Gaze@CHI,glass
8443,Facial@MOT,invisible
8443,Gaze@MOT,invisible
8444,Gaze@CHI,glass
8444,Facial@MOT,invisible
8444,Gaze@MOT,invisible
8445,Gaze@CHI,glass
8445,Facial@MOT,invisible
8445,Gaze@MOT,invisible
8446,Gaze@CHI,glass
8446,Facial@MOT,invisible
8446,Gaze@MOT,invisible
8447,Gaze@CHI,glass
8447,Facial@MOT,invisible
8447,Gaze@MOT,invisible
8448,Gaze@CHI,glass
8448,Facial@MOT,invisible
8448,Gaze@MOT,invisible
8449,Gaze@CHI,glass
8449,Facial@MOT,invisible
8449,Gaze@MOT,invisible
8450,Gaze@CHI,glass
8450,Facial@MOT,invisible
8450,Gaze@MOT,invisible
8451,Gaze@CHI,glass
8451,Facial@MOT,invisible
8451,Gaze@MOT,invisible
8452,Gaze@CHI,glass
8452,Facial@MOT,invisible
8452,Gaze@MOT,invisible
8453,Gaze@CHI,glass
8453,Facial@MOT,invisible
8453,Gaze@MOT,invisible
8454,Gaze@CHI,glass
8454,Facial@MOT,invisible
8455,Gaze@CHI,glass
8455,Facial@MOT,invisible
8456,Gaze@CHI,toy
8456,Facial@MOT,invisible
8457,Gaze@CHI,toy
8457,Facial@MOT,invisible
8458,Gaze@CHI,toy
8458,Facial@MOT,invisible
8459,Gaze@CHI,toy
8459,Facial@MOT,invisible
8460,Gaze@CHI,toy
8460,Facial@MOT,invisible
8461,Gaze@CHI,toy
8461,Facial@MOT,invisible
8462,Gaze@CHI,toy
8463,Gaze@CHI,toy
8464,Gaze@CHI,toy
8465,Gaze@CHI,toy
8466,Gaze@CHI,toy
8467,Gaze@CHI,toy
8468,Gaze@CHI,toy
8469,Gaze@CHI,toy
8470,Gaze@CHI,toy
8471,Gaze@CHI,toy
8472,Gaze@CHI,toy
8473,Gaze@CHI,toy
8474,Gaze@CHI,toy
8475,Gaze@CHI,toy
8476,Gaze@CHI,toy
8477,Gaze@CHI,toy
8478,Gaze@CHI,toy
8478,Utterance@MOT,Can you sit up?
8479,Gaze@CHI,toy
8479,Utterance@MOT,Can you sit up?
8480,Gaze@CHI,toy
8480,Utterance@MOT,Can you sit up?
8481,Gaze@CHI,mom
8481,Utterance@MOT,Can you sit up?
8482,Gaze@CHI,mom
8482,Utterance@MOT,Can you sit up?
8483,Gaze@CHI,mom
8483,Utterance@MOT,Can you sit up?
8484,Gaze@CHI,mom
8484,Utterance@CHI,focused breathing
8484,Utterance@MOT,Can you sit up?
8484,Arousal@CHI,low
8485,Gaze@CHI,mom
8485,Utterance@CHI,focused breathing
8485,Arousal@CHI,low
8486,Gaze@CHI,mom
8486,Utterance@CHI,focused breathing
8486,Arousal@CHI,low
8487,Gaze@CHI,mom
8487,Utterance@CHI,focused breathing
8487,Arousal@CHI,low
8488,Gaze@CHI,mom
8488,Utterance@CHI,focused breathing
8488,Arousal@CHI,low
8489,Gaze@CHI,mom
8489,Utterance@CHI,focused breathing
8489,Arousal@CHI,low
8490,Gaze@CHI,mom
8490,Utterance@CHI,focused breathing
8490,Arousal@CHI,low
8491,Gaze@CHI,mom
8491,Utterance@CHI,focused breathing
8491,Arousal@CHI,low
8492,Gaze@CHI,mom
8492,Utterance@CHI,focused breathing
8492,Arousal@CHI,low
8493,Gaze@CHI,mom
8493,Utterance@CHI,focused breathing
8493,Arousal@CHI,low
8494,Gaze@CHI,mom
8494,Utterance@CHI,focused breathing
8494,Arousal@CHI,low
8495,Gaze@CHI,mom
8495,Utterance@CHI,focused breathing
8495,Arousal@CHI,low
8496,Gaze@CHI,mom
8496,Utterance@CHI,focused breathing
8496,Arousal@CHI,low
8497,Gaze@CHI,mom
8497,Utterance@CHI,focused breathing
8497,Arousal@CHI,low
8498,Gaze@CHI,mom
8498,Utterance@CHI,focused breathing
8498,Arousal@CHI,low
8499,Gaze@CHI,mom
8499,Utterance@CHI,focused breathing
8499,Arousal@CHI,low
8500,Gaze@CHI,mom
8500,Utterance@CHI,focused breathing
8500,Arousal@CHI,low
8501,Gaze@CHI,mom
8501,Utterance@CHI,focused breathing
8501,Arousal@CHI,low
8502,Gaze@CHI,mom
8502,Utterance@CHI,focused breathing
8502,Arousal@CHI,low
8503,Gaze@CHI,mom
8503,Utterance@CHI,focused breathing
8503,Arousal@CHI,low
8504,Gaze@CHI,mom
8504,Utterance@CHI,focused breathing
8504,Arousal@CHI,low
8505,Gaze@CHI,mom
8505,Utterance@CHI,focused breathing
8505,Arousal@CHI,low
8506,Gaze@CHI,mom
8506,Utterance@CHI,focused breathing
8506,Arousal@CHI,low
8507,Gaze@CHI,mom
8507,Utterance@CHI,focused breathing
8507,Arousal@CHI,low
8508,Gaze@CHI,mom
8508,Utterance@CHI,focused breathing
8508,Arousal@CHI,low
8509,Gaze@CHI,mom
8509,Utterance@CHI,focused breathing
8509,Arousal@CHI,low
8510,Gaze@CHI,mom
8510,Utterance@CHI,focused breathing
8510,Arousal@CHI,low
8511,Gaze@CHI,mom
8511,Utterance@CHI,focused breathing
8511,Arousal@CHI,low
8512,Gaze@CHI,mom
8512,Utterance@CHI,focused breathing
8512,Arousal@CHI,low
8513,Gaze@CHI,mom
8513,Utterance@CHI,focused breathing
8513,Arousal@CHI,low
8514,Gaze@CHI,mom
8514,Utterance@CHI,focused breathing
8514,Arousal@CHI,low
8515,Gaze@CHI,mom
8515,Utterance@CHI,focused breathing
8515,Arousal@CHI,low
8516,Gaze@CHI,mom
8516,Utterance@CHI,focused breathing
8516,Arousal@CHI,low
8517,Gaze@CHI,mom
8518,Gaze@CHI,mom
8519,Gaze@CHI,mom
8520,Gaze@CHI,mom
8521,Gaze@CHI,mom
8522,Gaze@CHI,mom
8523,Gaze@CHI,mom
8524,Gaze@CHI,mom
8525,Gaze@CHI,mom
8526,Gaze@CHI,mom
8527,Gaze@CHI,mom
8528,Gaze@CHI,mom
8529,Gaze@CHI,mom
8530,Gaze@CHI,mom
8531,Gaze@CHI,mom
8532,Gaze@CHI,mom
8533,Gaze@CHI,mom
8533,Laughter@CHI,L
8533,Laughable@CHI,mom puts the mouth in cup and produces funny sound
8534,Gaze@CHI,mom
8534,Laughter@CHI,L
8534,Laughable@CHI,mom puts the mouth in cup and produces funny sound
8535,Gaze@CHI,mom
8535,Laughter@CHI,L
8535,Laughable@CHI,mom puts the mouth in cup and produces funny sound
8536,Gaze@CHI,mom
8536,Laughter@CHI,L
8536,Laughable@CHI,mom puts the mouth in cup and produces funny sound
8537,Gaze@CHI,mom
8537,Laughter@CHI,L
8537,Laughable@CHI,mom puts the mouth in cup and produces funny sound
8538,Gaze@CHI,mom
8538,Laughter@CHI,L
8538,Laughable@CHI,mom puts the mouth in cup and produces funny sound
8539,Gaze@CHI,mom
8539,Laughter@CHI,L
8539,Laughable@CHI,mom puts the mouth in cup and produces funny sound
8540,Gaze@CHI,mom
8540,Laughter@CHI,L
8540,Laughable@CHI,mom puts the mouth in cup and produces funny sound
8541,Gaze@CHI,mom
8541,Laughter@CHI,L
8541,Laughable@CHI,mom puts the mouth in cup and produces funny sound
8542,Gaze@CHI,mom
8542,Laughter@CHI,L
8542,Laughable@CHI,mom puts the mouth in cup and produces funny sound
8543,Gaze@CHI,mom
8543,Laughable@CHI,mom puts the mouth in cup and produces funny sound and approaches
8544,Gaze@CHI,mom
8544,Laughable@CHI,mom puts the mouth in cup and produces funny sound and approaches
8545,Gaze@CHI,mom
8545,Laughable@CHI,mom puts the mouth in cup and produces funny sound and approaches
8546,Gaze@CHI,mom
8546,Laughable@CHI,mom puts the mouth in cup and produces funny sound and approaches
8547,Gaze@CHI,mom
8547,Laughable@CHI,mom puts the mouth in cup and produces funny sound and approaches
8548,Gaze@CHI,mom
8548,Laughable@CHI,mom puts the mouth in cup and produces funny sound and approaches
8549,Gaze@CHI,mom
8549,Laughable@CHI,mom puts the mouth in cup and produces funny sound and approaches
8550,Gaze@CHI,mom
8550,Laughable@CHI,mom puts the mouth in cup and produces funny sound and approaches
8551,Gaze@CHI,mom
8551,Laughter@CHI,L
8551,Laughable@CHI,mom puts the mouth in cup and produces funny sound and approaches
8552,Gaze@CHI,mom
8552,Laughter@CHI,L
8552,Laughable@CHI,mom puts the mouth in cup and produces funny sound and approaches
8553,Gaze@CHI,mom
8553,Laughter@CHI,L
8553,Laughable@CHI,mom puts the mouth in cup and produces funny sound and approaches
8554,Gaze@CHI,mom
8554,Laughter@CHI,L
8554,Laughable@CHI,mom puts the mouth in cup and produces funny sound and approaches
8555,Gaze@CHI,mom
8555,Laughter@CHI,L
8555,Laughable@CHI,mom puts the mouth in cup and produces funny sound and approaches
8556,Gaze@CHI,mom
8556,Laughter@CHI,L
8556,Laughable@CHI,mom puts the mouth in cup and produces funny sound and approaches
8557,Gaze@CHI,mom
8557,Laughter@CHI,L
8557,Laughable@CHI,mom puts the mouth in cup and produces funny sound and approaches
8558,Gaze@CHI,mom
8558,Laughter@CHI,L
8558,Laughable@CHI,mom puts the mouth in cup and produces funny sound and approaches
8559,Gaze@CHI,mom
8559,Laughter@CHI,L
8559,Laughable@CHI,mom puts the mouth in cup and produces funny sound and approaches
8560,Gaze@CHI,mom
8560,Laughter@CHI,L
8560,Laughable@CHI,mom puts the mouth in cup and produces funny sound and approaches
8561,Gaze@CHI,mom
8561,Laughter@CHI,L
8561,Laughable@CHI,mom puts the mouth in cup and produces funny sound and approaches
8562,Gaze@CHI,mom
8562,Laughter@CHI,L
8562,Laughable@CHI,mom puts the mouth in cup and produces funny sound and approaches
8563,Gaze@CHI,mom
8563,Laughter@CHI,L
8563,Laughable@CHI,mom puts the mouth in cup and produces funny sound and approaches
8564,Gaze@CHI,mom
8564,Laughter@CHI,L
8564,Laughable@CHI,mom puts the mouth in cup and produces funny sound and approaches
8565,Gaze@CHI,mom
8565,Laughter@CHI,L
8565,Laughable@CHI,mom puts the mouth in cup and produces funny sound and approaches
8566,Gaze@CHI,mom
8566,Laughter@CHI,L
8566,Laughable@CHI,mom puts the mouth in cup and produces funny sound and approaches
8567,Gaze@CHI,mom
8567,Laughter@CHI,L
8567,Laughable@CHI,mom puts the mouth in cup and produces funny sound and approaches
8568,Gaze@CHI,mom
8568,Laughter@CHI,L
8568,Laughable@CHI,mom puts the mouth in cup and produces funny sound and approaches
8569,Gaze@CHI,mom
8569,Laughter@CHI,L
8569,Laughable@CHI,mom puts the mouth in cup and produces funny sound and approaches
8570,Gaze@CHI,mom
8570,Laughter@CHI,L
8570,Laughable@CHI,mom puts the mouth in cup and produces funny sound and approaches
8571,Gaze@CHI,mom
8571,Laughter@CHI,L
8571,Laughable@CHI,mom puts the mouth in cup and produces funny sound and approaches
8572,Gaze@CHI,mom
8572,Laughable@CHI,mom puts the mouth in cup and produces funny sound and approaches
8573,Gaze@CHI,mom
8573,Laughable@CHI,mom puts the mouth in cup and produces funny sound and approaches
8574,Gaze@CHI,mom
8574,Laughable@CHI,mom puts the mouth in cup and produces funny sound and approaches
8575,Gaze@CHI,mom
8575,Laughable@CHI,mom puts the mouth in cup and produces funny sound and approaches
8576,Gaze@CHI,mom
8576,Laughable@CHI,mom puts the mouth in cup and produces funny sound and approaches
8577,Gaze@CHI,mom
8577,Laughable@CHI,mom puts the mouth in cup and produces funny sound and approaches
8578,Gaze@CHI,mom
8578,Laughable@CHI,mom puts the mouth in cup and produces funny sound and approaches
8579,Gaze@CHI,mom
8579,Laughable@CHI,mom puts the mouth in cup and produces funny sound and approaches
8580,Gaze@CHI,mom
8580,Laughable@CHI,mom puts the mouth in cup and produces funny sound and approaches
8581,Gaze@CHI,mom
8581,Laughable@CHI,mom puts the mouth in cup and produces funny sound and approaches
8582,Gaze@CHI,mom
8582,Laughable@CHI,mom puts the mouth in cup and produces funny sound and approaches
8583,Gaze@CHI,mom
8583,Laughable@CHI,mom puts the mouth in cup and produces funny sound and approaches
8584,Gaze@CHI,mom
8584,Laughable@CHI,mom puts the mouth in cup and produces funny sound and approaches
8585,Gaze@CHI,mom
8585,Laughable@CHI,mom puts the mouth in cup and produces funny sound and approaches
8586,Gaze@CHI,mom
8586,Laughable@CHI,mom puts the mouth in cup and produces funny sound and approaches
8587,Gaze@CHI,mom
8587,Laughable@CHI,mom puts the mouth in cup and produces funny sound and approaches
8588,Gaze@CHI,mom
8588,Laughable@CHI,mom puts the mouth in cup and produces funny sound and approaches
8589,Gaze@CHI,mom
8589,Laughable@CHI,mom puts the mouth in cup and produces funny sound and approaches
8590,Gaze@CHI,mom
8590,Laughable@CHI,mom puts the mouth in cup and produces funny sound and approaches
8591,Gaze@CHI,mom
8591,Laughable@CHI,mom puts the mouth in cup and produces funny sound and approaches
8592,Gaze@CHI,mom
8592,Laughable@CHI,mom puts the mouth in cup and produces funny sound and approaches
8593,Gaze@CHI,mom
8593,Laughable@CHI,mom puts the mouth in cup and produces funny sound and approaches
8594,Gaze@CHI,mom
8594,Laughable@CHI,mom puts the mouth in cup and produces funny sound and approaches
8595,Gaze@CHI,mom
8595,Laughable@CHI,mom puts the mouth in cup and produces funny sound and approaches
8596,Gaze@CHI,mom
8596,Laughable@CHI,mom puts the mouth in cup and produces funny sound and approaches
8597,Gaze@CHI,mom
8597,Laughable@CHI,mom puts the mouth in cup and produces funny sound and approaches
8598,Gaze@CHI,mom
8598,Laughable@CHI,mom puts the mouth in cup and produces funny sound and approaches
8599,Gaze@CHI,mom
8599,Laughable@CHI,mom puts the mouth in cup and produces funny sound and approaches
8600,Gaze@CHI,mom
8601,Gaze@CHI,mom
8602,Gaze@CHI,mom
8603,Gaze@CHI,mom
8604,Gaze@CHI,mom
8605,Gaze@CHI,mom
8606,Gaze@CHI,mom
8607,Gaze@CHI,mom
8608,Gaze@CHI,mom
8609,Gaze@CHI,mom
8610,Gaze@CHI,mom
8611,Gaze@CHI,mom
8612,Gaze@CHI,mom
8613,Gaze@CHI,mom
8614,Gaze@CHI,mom
8615,Gaze@CHI,mom
8616,Gaze@CHI,mom
8617,Gaze@CHI,mom
8618,Gaze@CHI,mom
8619,Gaze@CHI,mom
8620,Gaze@CHI,mom
8621,Gaze@CHI,mom
8622,Gaze@CHI,mom
8623,Gaze@CHI,mom
8624,Gaze@CHI,mom
8625,Gaze@CHI,mom
8626,Gaze@CHI,mom
8627,Gaze@CHI,mom
8628,Gaze@CHI,mom
8629,Gaze@CHI,mom
8630,Gaze@CHI,mom
8631,Gaze@CHI,mom
8632,Gaze@CHI,mom
8633,Gaze@CHI,mom
8634,Gaze@CHI,mom
8635,Gaze@CHI,mom
8636,Gaze@CHI,mom
8637,Gaze@CHI,mom
8638,Gaze@CHI,mom
8639,Gaze@CHI,mom
8640,Gaze@CHI,mom
8641,Gaze@CHI,mom
8642,Gaze@CHI,mom
8643,Gaze@CHI,toys
8644,Gaze@CHI,toys
8645,Gaze@CHI,toys
8646,Gaze@CHI,toys
8647,Gaze@CHI,toys
8648,Gaze@CHI,toys
8649,Gaze@CHI,toys
8650,Gaze@CHI,toys
8651,Gaze@CHI,toys
8652,Gaze@CHI,toys
8653,Gaze@CHI,toys
8654,Gaze@CHI,toys
8655,Gaze@CHI,toys
8656,Gaze@CHI,toys
8657,Gaze@CHI,toys
8658,Gaze@CHI,toys
8659,Gaze@CHI,toys
8660,Gaze@CHI,toys
8661,Gaze@CHI,toys
8662,Gaze@CHI,toys
8663,Gaze@CHI,toys
8664,Gaze@CHI,toys
8665,Gaze@CHI,toys
8666,Gaze@CHI,toys
8667,Gaze@CHI,toys
8668,Gaze@CHI,toys
8669,Gaze@CHI,toys
8670,Gaze@CHI,toys
8671,Gaze@CHI,toys
8672,Gaze@CHI,toys
8673,Gaze@CHI,toys
8674,Gaze@CHI,toys
8675,Gaze@CHI,toys
8676,Gaze@CHI,toys
8677,Gaze@CHI,toys
8678,Gaze@CHI,toys
8679,Gaze@CHI,toys
8680,Gaze@CHI,toys
8681,Gaze@CHI,toys
8682,Gaze@CHI,toys
8683,Gaze@CHI,toys
8684,Gaze@CHI,mom
8685,Gaze@CHI,mom
8686,Gaze@CHI,mom
8687,Gaze@CHI,mom
8688,Gaze@CHI,mom
8689,Gaze@CHI,mom
8690,Gaze@CHI,mom
8691,Gaze@CHI,mom
8692,Gaze@CHI,mom
8693,Gaze@CHI,mom
8694,Gaze@CHI,mom
8695,Gaze@CHI,mom
8696,Gaze@CHI,mom
8697,Gaze@CHI,mom
8698,Gaze@CHI,mom
8699,Gaze@CHI,mom
8700,Gaze@CHI,mom
8701,Gaze@CHI,mom
8702,Gaze@CHI,mom
8703,Gaze@CHI,mom
8704,Gaze@CHI,mom
8705,Gaze@CHI,mom
8706,Gaze@CHI,mom
8707,Gaze@CHI,mom
8708,Gaze@CHI,mom
8709,Gaze@CHI,mom
8710,Gaze@CHI,mom
8711,Gaze@CHI,mom
8712,Gaze@CHI,mom
8713,Gaze@CHI,mom
8714,Gaze@CHI,mom
8715,Gaze@CHI,mom
8716,Gaze@CHI,mom
8717,Gaze@CHI,mom
8718,Gaze@CHI,mom
8719,Gaze@CHI,mom
8720,Gaze@CHI,mom
8721,Gaze@CHI,mom
8722,Gaze@CHI,mom
8723,Gaze@CHI,mom
8724,Gaze@CHI,mom
8725,Gaze@CHI,mom
8726,Gaze@CHI,mom
8727,Gaze@CHI,mom
8728,Gaze@CHI,mom
8729,Gaze@CHI,mom
8730,Gaze@CHI,mom
8731,Gaze@CHI,mom
8732,Gaze@CHI,mom
8733,Gaze@CHI,mom
8734,Gaze@CHI,mom
8735,Gaze@CHI,mom
8736,Gaze@CHI,mom
8737,Gaze@CHI,mom
8738,Gaze@CHI,mom
8739,Gaze@CHI,mom
8740,Gaze@CHI,mom
8741,Gaze@CHI,mom
8742,Gaze@CHI,mom
8743,Gaze@CHI,mom
8744,Gaze@CHI,mom
8745,Gaze@CHI,mom
8746,Gaze@CHI,mom
8747,Gaze@CHI,mom
8748,Gaze@CHI,mom
8749,Gaze@CHI,mom
8750,Gaze@CHI,mom
8751,Gaze@CHI,mom
8752,Gaze@CHI,mom
8753,Gaze@CHI,mom
8754,Gaze@CHI,mom
8755,Gaze@CHI,mom
8756,Gaze@CHI,mom
8757,Gaze@CHI,mom
8758,Gaze@CHI,mom
8759,Gaze@CHI,mom
8760,Gaze@CHI,mom
8761,Gaze@CHI,mom
8762,Gaze@CHI,mom
8763,Gaze@CHI,mom
8764,Gaze@CHI,mom
8765,Gaze@CHI,mom
8766,Gaze@CHI,mom
8767,Gaze@CHI,mom
8768,Gaze@CHI,mom
8769,Gaze@CHI,mom
8770,Gaze@CHI,mom
8771,Gaze@CHI,mom
8772,Gaze@CHI,mom
8773,Gaze@CHI,mom
8774,Gaze@CHI,mom
8775,Gaze@CHI,mom
8776,Gaze@CHI,mom
8777,Gaze@CHI,mom
8778,Gaze@CHI,mom
8779,Gaze@CHI,mom
8780,Gaze@CHI,mom
8781,Gaze@CHI,mom
8782,Gaze@CHI,mom
8783,Gaze@CHI,mom
8784,Gaze@CHI,mom
8785,Gaze@CHI,mom
8786,Gaze@CHI,mom
8787,Gaze@CHI,mom
8788,Gaze@CHI,mom
8789,Gaze@CHI,mom
8791,Gaze@CHI,floor
8792,Gaze@CHI,floor
8793,Gaze@CHI,floor
8794,Gaze@CHI,floor
8795,Gaze@CHI,floor
8796,Gaze@CHI,floor
8797,Gaze@CHI,floor
8798,Gaze@CHI,floor
8799,Gaze@CHI,floor
8800,Gaze@CHI,floor
8800,Facial@MOT,invisible
8801,Gaze@CHI,floor
8801,Facial@MOT,invisible
8802,Gaze@CHI,floor
8802,Facial@MOT,invisible
8803,Gaze@CHI,floor
8803,Facial@MOT,invisible
8804,Gaze@CHI,floor
8804,Facial@MOT,invisible
8805,Gaze@CHI,floor
8805,Facial@MOT,invisible
8806,Gaze@CHI,floor
8806,Facial@MOT,invisible
8807,Gaze@CHI,floor
8807,Facial@MOT,invisible
8808,Gaze@CHI,floor
8808,Facial@MOT,invisible
8809,Gaze@CHI,floor
8809,Facial@MOT,invisible
8810,Gaze@CHI,floor
8810,Facial@MOT,invisible
8811,Gaze@CHI,floor
8811,Facial@MOT,invisible
8812,Gaze@CHI,floor
8812,Facial@MOT,invisible
8813,Gaze@CHI,floor
8813,Facial@MOT,invisible
8814,Gaze@CHI,floor
8814,Facial@MOT,invisible
8815,Gaze@CHI,floor
8815,Facial@MOT,invisible
8816,Gaze@CHI,floor
8816,Facial@MOT,invisible
8817,Gaze@CHI,floor
8817,Facial@MOT,invisible
8818,Gaze@CHI,floor
8818,Facial@MOT,invisible
8819,Gaze@CHI,floor
8819,Facial@MOT,invisible
8820,Gaze@CHI,floor
8820,Facial@MOT,invisible
8821,Gaze@CHI,floor
8821,Facial@MOT,invisible
8822,Gaze@CHI,floor
8822,Facial@MOT,invisible
8822,Gaze@MOT,invisible
8823,Gaze@CHI,floor
8823,Facial@MOT,invisible
8823,Gaze@MOT,invisible
8824,Gaze@CHI,floor
8824,Facial@MOT,invisible
8824,Gaze@MOT,invisible
8825,Gaze@CHI,floor
8825,Facial@MOT,invisible
8825,Gaze@MOT,invisible
8826,Gaze@CHI,floor
8826,Facial@MOT,invisible
8826,Gaze@MOT,invisible
8827,Gaze@CHI,floor
8827,Facial@MOT,invisible
8827,Gaze@MOT,invisible
8828,Gaze@CHI,floor
8828,Facial@MOT,invisible
8828,Gaze@MOT,invisible
8829,Gaze@CHI,floor
8829,Facial@MOT,invisible
8829,Gaze@MOT,invisible
8830,Gaze@CHI,floor
8830,Facial@MOT,invisible
8830,Gaze@MOT,invisible
8831,Gaze@CHI,floor
8831,Facial@MOT,invisible
8831,Gaze@MOT,invisible
8832,Gaze@CHI,floor
8832,Facial@MOT,invisible
8832,Gaze@MOT,invisible
8833,Gaze@CHI,ball
8833,Facial@MOT,invisible
8833,Gaze@MOT,invisible
8834,Gaze@CHI,ball
8834,Facial@MOT,invisible
8834,Gaze@MOT,invisible
8835,Gaze@CHI,ball
8835,Facial@MOT,invisible
8835,Gaze@MOT,invisible
8836,Gaze@CHI,ball
8836,Facial@MOT,invisible
8836,Gaze@MOT,invisible
8837,Gaze@CHI,ball
8837,Facial@MOT,invisible
8837,Gaze@MOT,invisible
8838,Gaze@CHI,ball
8838,Facial@MOT,invisible
8838,Gaze@MOT,invisible
8839,Gaze@CHI,ball
8839,Facial@MOT,invisible
8839,Gaze@MOT,invisible
8840,Gaze@CHI,ball
8840,Facial@MOT,invisible
8840,Gaze@MOT,invisible
8840,Action@MOT,picking up the ball
8841,Gaze@CHI,ball
8841,Facial@MOT,invisible
8841,Gaze@MOT,invisible
8841,Action@MOT,picking up the ball
8842,Gaze@CHI,ball
8842,Facial@MOT,invisible
8842,Gaze@MOT,invisible
8842,Action@MOT,picking up the ball
8843,Gaze@CHI,ball
8843,Facial@MOT,invisible
8843,Gaze@MOT,invisible
8843,Action@MOT,picking up the ball
8844,Gaze@CHI,ball
8844,Facial@MOT,invisible
8844,Gaze@MOT,invisible
8844,Action@MOT,picking up the ball
8845,Gaze@CHI,ball
8845,Facial@MOT,invisible
8845,Gaze@MOT,invisible
8845,Action@MOT,picking up the ball
8846,Gaze@CHI,ball
8846,Facial@MOT,invisible
8846,Gaze@MOT,invisible
8846,Action@MOT,tossing the ball
8847,Gaze@CHI,ball
8847,Facial@MOT,invisible
8847,Gaze@MOT,invisible
8847,Action@MOT,tossing the ball
8848,Gaze@CHI,ball
8848,Facial@MOT,invisible
8848,Gaze@MOT,invisible
8848,Action@MOT,tossing the ball
8849,Gaze@CHI,ball
8849,Facial@MOT,invisible
8849,Gaze@MOT,invisible
8849,Action@MOT,tossing the ball
8850,Gaze@CHI,ball
8850,Facial@MOT,neutral
8850,Gaze@MOT,invisible
8850,Action@MOT,tossing the ball
8851,Gaze@CHI,ball
8851,Facial@MOT,neutral
8851,Gaze@MOT,child
8851,Action@MOT,tossing the ball
8852,Gaze@CHI,ball
8852,Facial@MOT,neutral
8852,Gaze@MOT,child
8852,Action@MOT,tossing the ball
8853,Gaze@CHI,ball
8853,Facial@MOT,neutral
8853,Gaze@MOT,child
8853,Action@MOT,putting the ball in mouth
8854,Gaze@CHI,ball
8854,Facial@MOT,neutral
8854,Gaze@MOT,child
8854,Action@MOT,putting the ball in mouth
8855,Gaze@CHI,mom
8855,Facial@MOT,neutral
8855,Gaze@MOT,child
8855,Action@MOT,putting the ball in mouth
8856,Gaze@CHI,mom
8856,Facial@MOT,neutral
8856,Gaze@MOT,child
8856,Action@MOT,putting the ball in mouth
8857,Gaze@CHI,mom
8857,Facial@MOT,neutral
8857,Gaze@MOT,child
8857,Action@MOT,putting the ball in mouth
8858,Gaze@CHI,mom
8858,Facial@MOT,neutral
8858,Gaze@MOT,child
8858,Action@MOT,putting the ball in mouth
8859,Gaze@CHI,mom
8859,Facial@MOT,neutral
8859,Gaze@MOT,child
8859,Action@MOT,putting the ball in mouth
8860,Gaze@CHI,mom
8860,Facial@MOT,neutral
8860,Gaze@MOT,child
8860,Action@MOT,putting the ball in mouth
8861,Gaze@CHI,mom
8861,Facial@MOT,neutral
8861,Gaze@MOT,child
8861,Action@MOT,putting the ball in mouth
8862,Gaze@CHI,mom
8862,Facial@MOT,neutral
8862,Gaze@MOT,ball
8862,Action@MOT,dropping the ball
8863,Gaze@CHI,mom
8863,Facial@MOT,neutral
8863,Gaze@MOT,ball
8863,Action@MOT,dropping the ball
8864,Gaze@CHI,mom
8864,Facial@MOT,neutral
8864,Gaze@MOT,ball
8864,Action@MOT,dropping the ball
8865,Gaze@CHI,mom
8865,Facial@MOT,neutral
8865,Gaze@MOT,ball
8865,Action@MOT,dropping the ball
8866,Gaze@CHI,mom
8866,Facial@MOT,neutral
8866,Gaze@MOT,ball
8866,Action@MOT,picking up the ball
8867,Gaze@CHI,mom
8867,Facial@MOT,neutral
8867,Gaze@MOT,ball
8867,Action@MOT,picking up the ball
8868,Gaze@CHI,ball
8868,Facial@MOT,neutral
8868,Gaze@MOT,ball
8868,Action@MOT,picking up the ball
8869,Gaze@CHI,ball
8869,Facial@MOT,neutral
8869,Gaze@MOT,ball
8869,Action@MOT,picking up the ball
8870,Gaze@CHI,ball
8870,Facial@MOT,neutral
8870,Gaze@MOT,ball
8870,Action@MOT,picking up the ball
8871,Gaze@CHI,ball
8871,Facial@MOT,neutral
8871,Gaze@MOT,ball
8871,Action@MOT,picking up the ball
8872,Gaze@CHI,ball
8872,Facial@MOT,neutral
8872,Gaze@MOT,ball
8872,Action@MOT,picking up the ball
8873,Gaze@CHI,ball
8873,Facial@MOT,neutral
8873,Gaze@MOT,ball
8873,Action@MOT,picking up the ball
8874,Gaze@CHI,ball
8874,Facial@MOT,neutral
8874,Gaze@MOT,ball
8874,Action@MOT,tossing the ball
8875,Gaze@CHI,ball
8875,Facial@MOT,neutral
8875,Utterance@CHI,ah
8875,Prosody@CHI,flat
8875,Gaze@MOT,ball
8875,Action@MOT,tossing the ball
8875,Arousal@CHI,low
8876,Gaze@CHI,ball
8876,Facial@MOT,neutral
8876,Utterance@CHI,ah
8876,Prosody@CHI,flat
8876,Gaze@MOT,ball
8876,Action@MOT,tossing the ball
8876,Arousal@CHI,low
8877,Gaze@CHI,ball
8877,Facial@MOT,neutral
8877,Utterance@CHI,ah
8877,Prosody@CHI,flat
8877,Gaze@MOT,ball
8877,Action@MOT,tossing the ball
8877,Arousal@CHI,low
8878,Gaze@CHI,ball
8878,Facial@MOT,neutral
8878,Gaze@MOT,ball
8878,Action@MOT,tossing the ball
8879,Gaze@CHI,ball
8879,Facial@MOT,neutral
8879,Gaze@MOT,ball
8879,Action@MOT,tossing the ball
8880,Gaze@CHI,ball
8880,Facial@MOT,neutral
8880,Gaze@MOT,ball
8880,Action@MOT,tossing the ball
8881,Gaze@CHI,ball
8881,Facial@MOT,neutral
8881,Gaze@MOT,ball
8881,Action@MOT,tossing the ball
8881,Laughable@CHI,mom put the ball in the mouth
8882,Gaze@CHI,ball
8882,Facial@MOT,neutral
8882,Gaze@MOT,ball
8882,Action@MOT,tossing the ball
8882,Laughable@CHI,mom put the ball in the mouth
8883,Gaze@CHI,ball
8883,Facial@MOT,neutral
8883,Gaze@MOT,ball
8883,Action@MOT,tossing the ball
8883,Laughable@CHI,mom put the ball in the mouth
8884,Gaze@CHI,mom
8884,Facial@MOT,neutral
8884,Gaze@MOT,ball
8884,Action@MOT,tossing the ball
8884,Laughable@CHI,mom put the ball in the mouth
8885,Gaze@CHI,mom
8885,Facial@MOT,neutral
8885,Gaze@MOT,ball
8885,Action@MOT,putting the ball in mouth
8886,Gaze@CHI,mom
8886,Facial@MOT,neutral
8886,Gaze@MOT,ball
8886,Action@MOT,putting the ball in mouth
8886,Laughter@CHI,L
8886,Arousal@CHI,middle
8886,ReactionReason@CHI,Prediction
8887,Gaze@CHI,mom
8887,Facial@MOT,neutral
8887,Gaze@MOT,ball
8887,Action@MOT,putting the ball in mouth
8887,Laughter@CHI,L
8887,Arousal@CHI,middle
8887,ReactionReason@CHI,Prediction
8888,Gaze@CHI,mom
8888,Facial@MOT,neutral
8888,Gaze@MOT,ball
8888,Action@MOT,putting the ball in mouth
8888,Laughter@CHI,L
8888,Arousal@CHI,middle
8888,ReactionReason@CHI,Prediction
8889,Gaze@CHI,mom
8889,Facial@MOT,neutral
8889,Gaze@MOT,ball
8889,Action@MOT,putting the ball in mouth
8889,Laughter@CHI,L
8889,Arousal@CHI,middle
8889,ReactionReason@CHI,Prediction
8890,Gaze@CHI,mom
8890,Facial@MOT,neutral
8890,Gaze@MOT,ball
8890,Action@MOT,putting the ball in mouth
8890,Laughter@CHI,L
8890,Arousal@CHI,middle
8890,ReactionReason@CHI,Prediction
8891,Gaze@CHI,mom
8891,Facial@MOT,neutral
8891,Gaze@MOT,ball
8891,Action@MOT,putting the ball in mouth
8891,Laughter@CHI,L
8891,Arousal@CHI,middle
8891,ReactionReason@CHI,Prediction
8892,Gaze@CHI,mom
8892,Facial@MOT,widely opened eyes
8892,Gaze@MOT,child
8892,Action@MOT,holding the ball in mouth
8892,Laughter@CHI,L
8892,Arousal@CHI,middle
8892,ReactionReason@CHI,Prediction
8893,Gaze@CHI,mom
8893,Facial@MOT,widely opened eyes
8893,Gaze@MOT,child
8893,Action@MOT,holding the ball in mouth
8893,Laughter@CHI,L
8893,Arousal@CHI,middle
8893,ReactionReason@CHI,Prediction
8894,Gaze@CHI,mom
8894,Facial@MOT,widely opened eyes
8894,Gaze@MOT,child
8894,Action@MOT,holding the ball in mouth
8894,Laughter@CHI,L
8894,Arousal@CHI,middle
8894,ReactionReason@CHI,Prediction
8895,Gaze@CHI,mom
8895,Facial@MOT,widely opened eyes
8895,Gaze@MOT,child
8895,Action@MOT,holding the ball in mouth
8895,Laughter@CHI,L
8895,Arousal@CHI,middle
8895,ReactionReason@CHI,Prediction
8896,Gaze@CHI,mom
8896,Facial@MOT,widely opened eyes
8896,Gaze@MOT,child
8896,Action@MOT,holding the ball in mouth
8896,Laughter@CHI,L
8896,Arousal@CHI,middle
8896,ReactionReason@CHI,Prediction
8897,Gaze@CHI,mom
8897,Facial@MOT,widely opened eyes
8897,Gaze@MOT,child
8897,Action@MOT,holding the ball in mouth
8897,Laughter@CHI,L
8897,Arousal@CHI,middle
8897,ReactionReason@CHI,Prediction
8898,Gaze@CHI,mom
8898,Facial@MOT,widely opened eyes
8898,Gaze@MOT,child
8898,Action@MOT,holding the ball in mouth
8898,Laughter@CHI,L
8898,Arousal@CHI,middle
8898,ReactionReason@CHI,Prediction
8899,Gaze@CHI,mom
8899,Facial@MOT,widely opened eyes
8899,Gaze@MOT,child
8899,Action@MOT,holding the ball in mouth
8899,Laughter@CHI,L
8899,Arousal@CHI,high
8899,ReactionReason@CHI,Violation of Facial Schema
8900,Gaze@CHI,mom
8900,Facial@MOT,widely opened eyes
8900,Gaze@MOT,child
8900,Action@MOT,holding the ball in mouth
8900,Laughter@CHI,L
8900,Arousal@CHI,high
8900,ReactionReason@CHI,Violation of Facial Schema
8901,Gaze@CHI,mom
8901,Facial@MOT,widely opened eyes
8901,Gaze@MOT,child
8901,Action@MOT,holding the ball in mouth
8901,Laughter@CHI,L
8901,Arousal@CHI,high
8901,ReactionReason@CHI,Violation of Facial Schema
8902,Gaze@CHI,mom
8902,Facial@MOT,widely opened eyes
8902,Gaze@MOT,child
8902,Action@MOT,holding the ball in mouth
8902,Laughter@CHI,L
8902,Arousal@CHI,high
8902,ReactionReason@CHI,Violation of Facial Schema
8903,Gaze@CHI,mom
8903,Facial@MOT,widely opened eyes
8903,Gaze@MOT,child
8903,Action@MOT,holding the ball in mouth
8903,Laughter@CHI,L
8903,Arousal@CHI,high
8903,ReactionReason@CHI,Violation of Facial Schema
8904,Gaze@CHI,mom
8904,Facial@MOT,widely opened eyes
8904,Gaze@MOT,child
8904,Action@MOT,holding the ball in mouth
8904,Laughter@CHI,L
8904,Arousal@CHI,high
8904,ReactionReason@CHI,Violation of Facial Schema
8905,Gaze@CHI,mom
8905,Facial@MOT,widely opened eyes
8905,Gaze@MOT,child
8905,Action@MOT,holding the ball in mouth
8905,Laughter@CHI,L
8905,Arousal@CHI,high
8905,ReactionReason@CHI,Violation of Facial Schema
8906,Gaze@CHI,mom
8906,Facial@MOT,widely opened eyes
8906,Gaze@MOT,child
8906,Action@MOT,holding the ball in mouth
8906,Laughter@CHI,L
8906,Arousal@CHI,high
8906,ReactionReason@CHI,Violation of Facial Schema
8907,Gaze@CHI,mom
8907,Facial@MOT,widely opened eyes
8907,Gaze@MOT,child
8907,Action@MOT,holding the ball in mouth
8907,Laughter@CHI,L
8907,Arousal@CHI,high
8907,ReactionReason@CHI,Violation of Facial Schema
8908,Gaze@CHI,mom
8908,Facial@MOT,widely opened eyes
8908,Gaze@MOT,child
8908,Action@MOT,holding the ball in mouth
8908,Laughter@CHI,L
8908,Arousal@CHI,high
8908,ReactionReason@CHI,Violation of Facial Schema
8909,Gaze@CHI,mom
8909,Facial@MOT,widely opened eyes
8909,Gaze@MOT,child
8909,Action@MOT,holding the ball in mouth
8909,Laughter@CHI,L
8909,Arousal@CHI,high
8909,ReactionReason@CHI,Violation of Facial Schema
8910,Gaze@CHI,mom
8910,Facial@MOT,widely opened eyes
8910,Gaze@MOT,child
8910,Action@MOT,holding the ball in mouth
8910,Laughter@CHI,L
8910,Arousal@CHI,high
8910,ReactionReason@CHI,Violation of Facial Schema
8911,Gaze@CHI,mom
8911,Facial@MOT,widely opened eyes
8911,Gaze@MOT,child
8911,Action@MOT,holding the ball in mouth
8911,Laughter@CHI,L
8911,Arousal@CHI,high
8911,ReactionReason@CHI,Violation of Facial Schema
8912,Gaze@CHI,mom
8912,Facial@MOT,widely opened eyes
8912,Gaze@MOT,child
8912,Action@MOT,holding the ball in mouth
8912,Laughter@CHI,L
8912,Arousal@CHI,high
8912,ReactionReason@CHI,Violation of Facial Schema
8913,Gaze@CHI,mom
8913,Facial@MOT,widely opened eyes
8913,Gaze@MOT,child
8913,Action@MOT,holding the ball in mouth
8913,Laughter@CHI,L
8913,Arousal@CHI,high
8913,ReactionReason@CHI,Violation of Facial Schema
8914,Gaze@CHI,mom
8914,Facial@MOT,widely opened eyes
8914,Gaze@MOT,child
8914,Action@MOT,holding the ball in mouth
8914,Laughter@CHI,L
8914,Arousal@CHI,high
8914,ReactionReason@CHI,Violation of Facial Schema
8915,Gaze@CHI,mom
8915,Facial@MOT,widely opened eyes
8915,Gaze@MOT,child
8915,Action@MOT,holding the ball in mouth
8915,Laughter@CHI,L
8915,Arousal@CHI,high
8915,ReactionReason@CHI,Violation of Facial Schema
8916,Gaze@CHI,mom
8916,Facial@MOT,widely opened eyes
8916,Gaze@MOT,child
8916,Action@MOT,holding the ball in mouth
8916,Laughter@CHI,L
8916,Arousal@CHI,high
8916,ReactionReason@CHI,Violation of Facial Schema
8917,Gaze@CHI,mom
8917,Facial@MOT,widely opened eyes
8917,Gaze@MOT,child
8917,Action@MOT,holding the ball in mouth
8917,Laughter@CHI,L
8917,Arousal@CHI,high
8917,ReactionReason@CHI,Violation of Facial Schema
8918,Gaze@CHI,mom
8918,Facial@MOT,widely opened eyes
8918,Gaze@MOT,child
8918,Action@MOT,holding the ball in mouth
8918,Laughter@CHI,L
8918,Arousal@CHI,high
8918,ReactionReason@CHI,Violation of Facial Schema
8919,Gaze@CHI,mom
8919,Facial@MOT,widely opened eyes
8919,Gaze@MOT,child
8919,Action@MOT,holding the ball in mouth
8919,Laughter@CHI,L
8919,Arousal@CHI,high
8919,ReactionReason@CHI,Violation of Facial Schema
8920,Gaze@CHI,mom
8920,Facial@MOT,widely opened eyes
8920,Gaze@MOT,child
8920,Action@MOT,holding the ball in mouth
8920,Laughter@CHI,L
8920,Arousal@CHI,high
8920,ReactionReason@CHI,Violation of Facial Schema
8921,Gaze@CHI,mom
8921,Facial@MOT,widely opened eyes
8921,Gaze@MOT,child
8921,Action@MOT,holding the ball in mouth
8921,Laughter@CHI,L
8921,Arousal@CHI,high
8921,ReactionReason@CHI,Violation of Facial Schema
8922,Gaze@CHI,mom
8922,Facial@MOT,widely opened eyes
8922,Gaze@MOT,child
8922,Action@MOT,holding the ball in mouth
8922,Laughter@CHI,L
8922,Laughable@CHI,mom spits the ball out of the mouth
8922,Arousal@CHI,high
8922,ReactionReason@CHI,Violation of Facial Schema
8923,Gaze@CHI,mom
8923,Facial@MOT,widely opened eyes
8923,Gaze@MOT,child
8923,Action@MOT,spitting out the ball
8923,Laughter@CHI,L
8923,Laughable@CHI,mom spits the ball out of the mouth
8923,Arousal@CHI,high
8923,ReactionReason@CHI,Violation of Facial Schema
8924,Gaze@CHI,mom
8924,Facial@MOT,widely opened eyes
8924,Gaze@MOT,child
8924,Action@MOT,spitting out the ball
8924,Laughter@CHI,L
8924,Laughable@CHI,mom spits the ball out of the mouth
8924,Arousal@CHI,high
8924,ReactionReason@CHI,Violation of Facial Schema
8925,Gaze@CHI,mom
8925,Facial@MOT,widely opened eyes
8925,Gaze@MOT,child
8925,Action@MOT,spitting out the ball
8925,Laughter@CHI,L
8925,Laughable@CHI,mom spits the ball out of the mouth
8925,Arousal@CHI,high
8925,ReactionReason@CHI,Violation of Facial Schema
8926,Gaze@CHI,mom
8926,Facial@MOT,smile
8926,Gaze@MOT,child
8926,Laughter@CHI,L
8926,Laughable@CHI,mom spits the ball out of the mouth
8926,Arousal@CHI,high
8926,ReactionReason@CHI,Violation of Facial Schema
8927,Gaze@CHI,mom
8927,Facial@MOT,smile
8927,Gaze@MOT,child
8927,Laughter@CHI,L
8927,Arousal@CHI,high
8927,ReactionReason@CHI,Violation of Facial Schema
8928,Gaze@CHI,mom
8928,Facial@MOT,smile
8928,Gaze@MOT,child
8928,Laughter@CHI,L
8928,Arousal@CHI,high
8928,ReactionReason@CHI,Violation of Facial Schema
8929,Gaze@CHI,mom
8929,Facial@MOT,smile
8929,Gaze@MOT,child
8929,Laughter@CHI,L
8929,Arousal@CHI,high
8929,ReactionReason@CHI,Violation of Facial Schema
8930,Gaze@CHI,ball
8930,Facial@MOT,smile
8930,Gaze@MOT,invisible
8930,Laughter@CHI,L
8930,Arousal@CHI,high
8930,ReactionReason@CHI,Violation of Facial Schema
8931,Gaze@CHI,ball
8931,Facial@MOT,invisible
8931,Gaze@MOT,invisible
8931,Laughter@CHI,L
8931,Arousal@CHI,high
8931,ReactionReason@CHI,Violation of Facial Schema
8932,Gaze@CHI,ball
8932,Facial@MOT,invisible
8932,Gaze@MOT,invisible
8932,Laughter@CHI,L
8932,Arousal@CHI,high
8932,ReactionReason@CHI,Violation of Facial Schema
8933,Gaze@CHI,ball
8933,Facial@MOT,invisible
8933,Gaze@MOT,invisible
8933,Laughter@CHI,L
8933,Arousal@CHI,high
8933,ReactionReason@CHI,Violation of Facial Schema
8934,Gaze@CHI,ball
8934,Facial@MOT,invisible
8934,Gaze@MOT,invisible
8934,Laughter@CHI,L
8934,Arousal@CHI,high
8934,ReactionReason@CHI,Violation of Facial Schema
8935,Gaze@CHI,ball
8935,Facial@MOT,invisible
8935,Gaze@MOT,invisible
8935,Laughter@CHI,L
8935,Arousal@CHI,high
8935,ReactionReason@CHI,Violation of Facial Schema
8936,Gaze@CHI,ball
8936,Facial@MOT,invisible
8936,Gaze@MOT,invisible
8936,Laughter@CHI,L
8936,Arousal@CHI,high
8936,ReactionReason@CHI,Violation of Facial Schema
8937,Gaze@CHI,ball
8937,Facial@MOT,invisible
8937,Gaze@MOT,invisible
8937,Laughter@CHI,L
8937,Arousal@CHI,high
8937,ReactionReason@CHI,Violation of Facial Schema
8938,Gaze@CHI,ball
8938,Facial@MOT,invisible
8938,Gaze@MOT,invisible
8938,Laughter@CHI,L
8938,Arousal@CHI,high
8938,ReactionReason@CHI,Violation of Facial Schema
8939,Gaze@CHI,ball
8939,Facial@MOT,invisible
8939,Gaze@MOT,invisible
8939,Laughter@CHI,L
8939,Arousal@CHI,high
8939,ReactionReason@CHI,Violation of Facial Schema
8940,Gaze@CHI,ball
8940,Facial@MOT,invisible
8940,Gaze@MOT,invisible
8940,Laughter@CHI,L
8940,Arousal@CHI,high
8940,ReactionReason@CHI,Violation of Facial Schema
8941,Gaze@CHI,ball
8941,Facial@MOT,invisible
8941,Gaze@MOT,invisible
8941,Action@MOT,picking up the ball
8941,Laughter@CHI,L
8941,Arousal@CHI,high
8941,ReactionReason@CHI,Violation of Facial Schema
8942,Gaze@CHI,ball
8942,Facial@MOT,invisible
8942,Gaze@MOT,invisible
8942,Action@MOT,picking up the ball
8943,Gaze@CHI,ball
8943,Facial@MOT,invisible
8943,Gaze@MOT,invisible
8943,Action@MOT,picking up the ball
8944,Gaze@CHI,ball
8944,Facial@MOT,invisible
8944,Utterance@CHI,heavy breathing
8944,Gaze@MOT,invisible
8944,Action@MOT,picking up the ball
8944,Arousal@CHI,middle
8945,Gaze@CHI,ball
8945,Facial@MOT,invisible
8945,Utterance@CHI,heavy breathing
8945,Gaze@MOT,invisible
8945,Action@MOT,picking up the ball
8945,Arousal@CHI,middle
8946,Gaze@CHI,ball
8946,Facial@MOT,invisible
8946,Utterance@CHI,heavy breathing
8946,Gaze@MOT,invisible
8946,Action@MOT,picking up the ball
8946,Arousal@CHI,middle
8947,Gaze@CHI,ball
8947,Facial@MOT,invisible
8947,Utterance@CHI,heavy breathing
8947,Gaze@MOT,invisible
8947,Action@MOT,picking up the ball
8947,Arousal@CHI,middle
8948,Gaze@CHI,ball
8948,Facial@MOT,invisible
8948,Utterance@CHI,heavy breathing
8948,Gaze@MOT,invisible
8948,Action@MOT,picking up the ball
8948,Arousal@CHI,middle
8949,Gaze@CHI,ball
8949,Facial@MOT,invisible
8949,Utterance@CHI,heavy breathing
8949,Gaze@MOT,invisible
8949,Action@MOT,picking up the ball
8949,Arousal@CHI,middle
8950,Gaze@CHI,ball
8950,Facial@MOT,invisible
8950,Gaze@MOT,invisible
8950,Action@MOT,picking up the ball
8951,Gaze@CHI,ball
8951,Facial@MOT,invisible
8951,Gaze@MOT,invisible
8951,Action@MOT,picking up the ball
8952,Gaze@CHI,ball
8952,Facial@MOT,invisible
8952,Gaze@MOT,invisible
8952,Action@MOT,tossing the ball
8953,Gaze@CHI,ball
8953,Facial@MOT,invisible
8953,Gaze@MOT,invisible
8953,Action@MOT,tossing the ball
8954,Gaze@CHI,ball
8954,Facial@MOT,invisible
8954,Gaze@MOT,invisible
8954,Action@MOT,tossing the ball
8954,Laughter@CHI,L
8954,Arousal@CHI,middle
8955,Gaze@CHI,ball
8955,Facial@MOT,invisible
8955,Gaze@MOT,invisible
8955,Action@MOT,tossing the ball
8955,Laughter@CHI,L
8955,Arousal@CHI,middle
8956,Gaze@CHI,ball
8956,Facial@MOT,invisible
8956,Gaze@MOT,invisible
8956,Action@MOT,tossing the ball
8956,Laughter@CHI,L
8956,Arousal@CHI,middle
8957,Gaze@CHI,ball
8957,Facial@MOT,invisible
8957,Gaze@MOT,invisible
8957,Action@MOT,tossing the ball
8957,Laughter@CHI,L
8957,Arousal@CHI,middle
8958,Gaze@CHI,ball
8958,Facial@MOT,invisible
8958,Gaze@MOT,invisible
8958,Action@MOT,tossing the ball
8958,Laughter@CHI,L
8958,Arousal@CHI,middle
8959,Gaze@CHI,ball
8959,Facial@MOT,invisible
8959,Gaze@MOT,invisible
8959,Action@MOT,tossing the ball
8959,Laughter@CHI,L
8959,Arousal@CHI,middle
8960,Gaze@CHI,ball
8960,Facial@MOT,invisible
8960,Gaze@MOT,ball
8960,Action@MOT,tossing the ball
8960,Laughter@CHI,L
8960,Arousal@CHI,middle
8961,Gaze@CHI,ball
8961,Facial@MOT,invisible
8961,Gaze@MOT,ball
8961,Action@MOT,tossing the ball
8961,Laughter@CHI,L
8961,Arousal@CHI,middle
8962,Gaze@CHI,ball
8962,Facial@MOT,invisible
8962,Gaze@MOT,ball
8962,Action@MOT,tossing the ball
8962,Laughter@CHI,L
8962,Arousal@CHI,middle
8963,Gaze@CHI,ball
8963,Facial@MOT,invisible
8963,Gaze@MOT,ball
8963,Action@MOT,tossing the ball
8964,Gaze@CHI,ball
8964,Facial@MOT,invisible
8964,Gaze@MOT,ball
8964,Action@MOT,tossing the ball
8965,Gaze@CHI,ball
8965,Facial@MOT,invisible
8965,Gaze@MOT,ball
8965,Action@MOT,tossing the ball
8966,Gaze@CHI,ball
8966,Facial@MOT,invisible
8966,Gaze@MOT,ball
8966,Action@MOT,tossing the ball
8967,Gaze@CHI,mom
8967,Facial@MOT,invisible
8967,Gaze@MOT,ball
8967,Action@MOT,tossing the ball
8968,Gaze@CHI,mom
8968,Facial@MOT,invisible
8968,Gaze@MOT,ball
8968,Action@MOT,putting the ball in mouth
8968,Laughter@CHI,L
8968,Arousal@CHI,high
8968,ReactionReason@CHI,Prediction
8969,Gaze@CHI,mom
8969,Facial@MOT,invisible
8969,Gaze@MOT,child
8969,Action@MOT,putting the ball in mouth
8969,Laughter@CHI,L
8969,Arousal@CHI,high
8969,ReactionReason@CHI,Prediction
8970,Gaze@CHI,mom
8970,Facial@MOT,invisible
8970,Gaze@MOT,child
8970,Action@MOT,putting the ball in mouth
8970,Laughter@CHI,L
8970,Arousal@CHI,high
8970,ReactionReason@CHI,Prediction
8971,Gaze@CHI,mom
8971,Facial@MOT,invisible
8971,Gaze@MOT,child
8971,Action@MOT,putting the ball in mouth
8971,Laughter@CHI,L
8971,Arousal@CHI,high
8971,ReactionReason@CHI,Prediction
8972,Gaze@CHI,mom
8972,Facial@MOT,invisible
8972,Gaze@MOT,child
8972,Action@MOT,putting the ball in mouth
8972,Laughter@CHI,L
8972,Arousal@CHI,high
8972,ReactionReason@CHI,Prediction
8973,Gaze@CHI,mom
8973,Facial@MOT,invisible
8973,Gaze@MOT,child
8973,Action@MOT,putting the ball in mouth
8973,Laughter@CHI,L
8973,Arousal@CHI,high
8973,ReactionReason@CHI,Prediction
8974,Gaze@CHI,mom
8974,Facial@MOT,widely opened eyes
8974,Gaze@MOT,child
8974,Action@MOT,putting the ball in mouth
8974,Laughter@CHI,L
8974,Arousal@CHI,high
8974,ReactionReason@CHI,Prediction
8975,Gaze@CHI,mom
8975,Facial@MOT,widely opened eyes
8975,Gaze@MOT,child
8975,Action@MOT,holding the ball in mouth
8975,Laughter@CHI,L
8975,Arousal@CHI,high
8975,ReactionReason@CHI,Prediction
8976,Gaze@CHI,mom
8976,Facial@MOT,widely opened eyes
8976,Gaze@MOT,child
8976,Action@MOT,holding the ball in mouth
8976,Laughter@CHI,L
8976,Arousal@CHI,high
8976,ReactionReason@CHI,Prediction
8977,Gaze@CHI,mom
8977,Facial@MOT,widely opened eyes
8977,Gaze@MOT,child
8977,Action@MOT,holding the ball in mouth
8977,Laughter@CHI,L
8977,Arousal@CHI,high
8977,ReactionReason@CHI,Prediction
8978,Gaze@CHI,mom
8978,Facial@MOT,widely opened eyes
8978,Gaze@MOT,child
8978,Action@MOT,holding the ball in mouth
8978,Laughter@CHI,L
8978,Arousal@CHI,high
8978,ReactionReason@CHI,Prediction
8979,Gaze@CHI,mom
8979,Facial@MOT,widely opened eyes
8979,Gaze@MOT,child
8979,Action@MOT,holding the ball in mouth
8979,Laughter@CHI,L
8979,Arousal@CHI,high
8979,ReactionReason@CHI,Prediction
8980,Gaze@CHI,mom
8980,Facial@MOT,widely opened eyes
8980,Gaze@MOT,child
8980,Action@MOT,holding the ball in mouth
8980,Laughter@CHI,L
8980,Arousal@CHI,high
8980,ReactionReason@CHI,Prediction
8981,Gaze@CHI,mom
8981,Facial@MOT,widely opened eyes
8981,Gaze@MOT,child
8981,Action@MOT,holding the ball in mouth
8981,Laughter@CHI,L
8981,Arousal@CHI,high
8981,ReactionReason@CHI,Prediction
8982,Gaze@CHI,mom
8982,Facial@MOT,widely opened eyes
8982,Gaze@MOT,child
8982,Action@MOT,holding the ball in mouth
8982,Laughter@CHI,L
8982,Arousal@CHI,high
8982,ReactionReason@CHI,Prediction
8983,Gaze@CHI,mom
8983,Facial@MOT,widely opened eyes
8983,Gaze@MOT,child
8983,Action@MOT,holding the ball in mouth
8983,Laughter@CHI,L
8983,Arousal@CHI,high
8983,ReactionReason@CHI,Prediction
8984,Gaze@CHI,mom
8984,Facial@MOT,widely opened eyes
8984,Gaze@MOT,child
8984,Action@MOT,holding the ball in mouth
8984,Laughter@CHI,L
8984,Arousal@CHI,high
8984,ReactionReason@CHI,Prediction
8985,Gaze@CHI,mom
8985,Facial@MOT,widely opened eyes
8985,Gaze@MOT,child
8985,Action@MOT,holding the ball in mouth
8985,Laughter@CHI,L
8985,Arousal@CHI,high
8985,ReactionReason@CHI,Prediction
8986,Gaze@CHI,mom
8986,Facial@MOT,widely opened eyes
8986,Gaze@MOT,child
8986,Action@MOT,holding the ball in mouth
8986,Laughter@CHI,L
8986,Arousal@CHI,high
8986,ReactionReason@CHI,Prediction
8987,Gaze@CHI,mom
8987,Facial@MOT,widely opened eyes
8987,Gaze@MOT,aside
8987,Action@MOT,holding the ball in mouth
8987,Laughter@CHI,L
8987,Arousal@CHI,high
8987,ReactionReason@CHI,Violation of Facial Schema
8988,Gaze@CHI,mom
8988,Facial@MOT,widely opened eyes
8988,Gaze@MOT,aside
8988,Action@MOT,holding the ball in mouth
8988,Laughter@CHI,L
8988,Arousal@CHI,high
8988,ReactionReason@CHI,Violation of Facial Schema
8989,Gaze@CHI,mom
8989,Facial@MOT,widely opened eyes
8989,Gaze@MOT,aside
8989,Action@MOT,holding the ball in mouth
8989,Laughter@CHI,L
8989,Arousal@CHI,high
8989,ReactionReason@CHI,Violation of Facial Schema
8990,Gaze@CHI,mom
8990,Facial@MOT,widely opened eyes
8990,Gaze@MOT,aside
8990,Action@MOT,holding the ball in mouth
8990,Laughter@CHI,L
8990,Arousal@CHI,high
8990,ReactionReason@CHI,Violation of Facial Schema
8991,Gaze@CHI,mom
8991,Facial@MOT,widely opened eyes
8991,Gaze@MOT,aside
8991,Action@MOT,holding the ball in mouth
8991,Laughter@CHI,L
8991,Arousal@CHI,high
8991,ReactionReason@CHI,Violation of Facial Schema
8992,Gaze@CHI,mom
8992,Facial@MOT,widely opened eyes
8992,Gaze@MOT,aside
8992,Action@MOT,holding the ball in mouth
8992,Laughter@CHI,L
8992,Arousal@CHI,high
8992,ReactionReason@CHI,Violation of Facial Schema
8993,Gaze@CHI,mom
8993,Facial@MOT,widely opened eyes
8993,Gaze@MOT,aside
8993,Action@MOT,holding the ball in mouth
8993,Laughter@CHI,L
8993,Arousal@CHI,high
8993,ReactionReason@CHI,Violation of Facial Schema
8994,Gaze@CHI,mom
8994,Facial@MOT,widely opened eyes
8994,Gaze@MOT,aside
8994,Action@MOT,holding the ball in mouth
8994,Laughter@CHI,L
8994,Arousal@CHI,high
8994,ReactionReason@CHI,Violation of Facial Schema
8995,Gaze@CHI,mom
8995,Facial@MOT,widely opened eyes
8995,Gaze@MOT,aside
8995,Action@MOT,holding the ball in mouth
8995,Laughter@CHI,L
8995,Arousal@CHI,high
8995,ReactionReason@CHI,Violation of Facial Schema
8996,Gaze@CHI,mom
8996,Facial@MOT,widely opened eyes
8996,Gaze@MOT,aside
8996,Action@MOT,holding the ball in mouth
8996,Laughter@CHI,L
8996,Arousal@CHI,high
8996,ReactionReason@CHI,Violation of Facial Schema
8997,Gaze@CHI,mom
8997,Facial@MOT,widely opened eyes
8997,Gaze@MOT,aside
8997,Action@MOT,holding the ball in mouth
8997,Laughter@CHI,L
8997,Arousal@CHI,high
8997,ReactionReason@CHI,Violation of Facial Schema
8998,Gaze@CHI,mom
8998,Facial@MOT,widely opened eyes
8998,Gaze@MOT,aside
8998,Action@MOT,holding the ball in mouth
8998,Laughter@CHI,L
8998,Arousal@CHI,high
8998,ReactionReason@CHI,Violation of Facial Schema
8999,Gaze@CHI,mom
8999,Facial@MOT,widely opened eyes
8999,Gaze@MOT,aside
8999,Action@MOT,holding the ball in mouth
8999,Laughter@CHI,L
8999,Arousal@CHI,high
8999,ReactionReason@CHI,Violation of Facial Schema
9000,Gaze@CHI,mom
9000,Facial@MOT,widely opened eyes
9000,Gaze@MOT,aside
9000,Action@MOT,holding the ball in mouth
9000,Laughter@CHI,L
9000,Arousal@CHI,high
9000,ReactionReason@CHI,Violation of Facial Schema
9001,Gaze@CHI,mom
9001,Facial@MOT,widely opened eyes
9001,Gaze@MOT,aside
9001,Action@MOT,holding the ball in mouth
9001,Laughter@CHI,L
9001,Arousal@CHI,high
9001,ReactionReason@CHI,Violation of Facial Schema
9002,Gaze@CHI,mom
9002,Facial@MOT,widely opened eyes
9002,Gaze@MOT,aside
9002,Action@MOT,holding the ball in mouth
9002,Laughter@CHI,L
9002,Arousal@CHI,high
9002,ReactionReason@CHI,Violation of Facial Schema
9003,Gaze@CHI,mom
9003,Facial@MOT,widely opened eyes
9003,Gaze@MOT,aside
9003,Action@MOT,holding the ball in mouth
9003,Laughter@CHI,L
9003,Arousal@CHI,high
9003,ReactionReason@CHI,Violation of Facial Schema
9004,Gaze@CHI,mom
9004,Facial@MOT,widely opened eyes
9004,Gaze@MOT,aside
9004,Action@MOT,holding the ball in mouth
9004,Laughter@CHI,L
9004,Arousal@CHI,high
9004,ReactionReason@CHI,Violation of Facial Schema
9005,Gaze@CHI,mom
9005,Facial@MOT,widely opened eyes
9005,Gaze@MOT,aside
9005,Action@MOT,holding the ball in mouth
9005,Laughter@CHI,L
9005,Arousal@CHI,high
9005,ReactionReason@CHI,Violation of Facial Schema
9006,Gaze@CHI,mom
9006,Facial@MOT,widely opened eyes
9006,Gaze@MOT,aside
9006,Action@MOT,holding the ball in mouth
9006,Laughter@CHI,L
9006,Arousal@CHI,high
9006,ReactionReason@CHI,Violation of Facial Schema
9007,Gaze@CHI,mom
9007,Facial@MOT,widely opened eyes
9007,Gaze@MOT,child
9007,Action@MOT,holding the ball in mouth
9007,Laughter@CHI,L
9007,Arousal@CHI,high
9007,ReactionReason@CHI,Violation of Facial Schema
9008,Gaze@CHI,mom
9008,Facial@MOT,widely opened eyes
9008,Gaze@MOT,child
9008,Action@MOT,holding the ball in mouth
9008,Laughter@CHI,L
9008,Arousal@CHI,high
9008,ReactionReason@CHI,Violation of Facial Schema
9009,Gaze@CHI,mom
9009,Facial@MOT,widely opened eyes
9009,Gaze@MOT,child
9009,Action@MOT,holding the ball in mouth
9009,Laughter@CHI,L
9009,Arousal@CHI,high
9009,ReactionReason@CHI,Violation of Facial Schema
9010,Gaze@CHI,mom
9010,Facial@MOT,widely opened eyes
9010,Gaze@MOT,child
9010,Action@MOT,holding the ball in mouth
9010,Laughter@CHI,L
9010,Arousal@CHI,high
9010,ReactionReason@CHI,Violation of Facial Schema
9011,Gaze@CHI,mom
9011,Facial@MOT,widely opened eyes
9011,Gaze@MOT,child
9011,Action@MOT,holding the ball in mouth
9011,Laughter@CHI,L
9011,Arousal@CHI,high
9011,ReactionReason@CHI,Violation of Facial Schema
9012,Gaze@CHI,mom
9012,Facial@MOT,widely opened eyes
9012,Gaze@MOT,child
9012,Action@MOT,holding the ball in mouth
9012,Laughter@CHI,L
9012,Arousal@CHI,high
9012,ReactionReason@CHI,Violation of Facial Schema
9013,Gaze@CHI,mom
9013,Facial@MOT,widely opened eyes
9013,Utterance@CHI,heavy breathing
9013,Gaze@MOT,child
9013,Action@MOT,holding the ball in mouth
9013,Arousal@CHI,high
9014,Gaze@CHI,mom
9014,Facial@MOT,widely opened eyes
9014,Utterance@CHI,heavy breathing
9014,Gaze@MOT,child
9014,Action@MOT,holding the ball in mouth
9014,Arousal@CHI,high
9015,Gaze@CHI,mom
9015,Facial@MOT,widely opened eyes
9015,Utterance@CHI,heavy breathing
9015,Gaze@MOT,child
9015,Action@MOT,holding the ball in mouth
9015,Arousal@CHI,high
9016,Gaze@CHI,mom
9016,Facial@MOT,widely opened eyes
9016,Utterance@CHI,heavy breathing
9016,Gaze@MOT,child
9016,Action@MOT,holding the ball in mouth
9016,Arousal@CHI,high
9017,Gaze@CHI,mom
9017,Facial@MOT,widely opened eyes
9017,Utterance@CHI,heavy breathing
9017,Gaze@MOT,child
9017,Action@MOT,holding the ball in mouth
9017,Arousal@CHI,high
9018,Gaze@CHI,mom
9018,Facial@MOT,widely opened eyes
9018,Utterance@CHI,heavy breathing
9018,Gaze@MOT,child
9018,Action@MOT,holding the ball in mouth
9018,Arousal@CHI,high
9019,Gaze@CHI,mom
9019,Facial@MOT,widely opened eyes
9019,Utterance@CHI,heavy breathing
9019,Gaze@MOT,child
9019,Action@MOT,holding the ball in mouth
9019,Arousal@CHI,high
9020,Gaze@CHI,mom
9020,Facial@MOT,widely opened eyes
9020,Utterance@CHI,heavy breathing
9020,Gaze@MOT,child
9020,Action@MOT,holding the ball in mouth
9020,Arousal@CHI,high
9021,Gaze@CHI,mom
9021,Facial@MOT,widely opened eyes
9021,Utterance@CHI,heavy breathing
9021,Gaze@MOT,child
9021,Action@MOT,holding the ball in mouth
9021,Arousal@CHI,high
9022,Gaze@CHI,mom
9022,Facial@MOT,widely opened eyes
9022,Utterance@CHI,heavy breathing
9022,Gaze@MOT,child
9022,Action@MOT,holding the ball in mouth
9022,Laughable@CHI,mom spits the ball out of the mouth
9022,Arousal@CHI,high
9023,Gaze@CHI,mom
9023,Facial@MOT,widely opened eyes
9023,Utterance@CHI,heavy breathing
9023,Gaze@MOT,child
9023,Action@MOT,spitting out the ball
9023,Laughable@CHI,mom spits the ball out of the mouth
9023,Arousal@CHI,high
9024,Gaze@CHI,mom
9024,Facial@MOT,widely opened eyes
9024,Utterance@CHI,heavy breathing
9024,Gaze@MOT,child
9024,Action@MOT,spitting out the ball
9024,Laughable@CHI,mom spits the ball out of the mouth
9024,Arousal@CHI,high
9025,Gaze@CHI,mom
9025,Facial@MOT,widely opened eyes
9025,Gaze@MOT,child
9025,Laughter@CHI,L
9025,Laughable@CHI,mom spits the ball out of the mouth
9025,Arousal@CHI,high
9025,ReactionReason@CHI,Prediction
9026,Gaze@CHI,mom
9026,Facial@MOT,widely opened eyes
9026,Gaze@MOT,child
9026,Laughter@CHI,L
9026,Arousal@CHI,high
9026,ReactionReason@CHI,Prediction
9027,Gaze@CHI,mom
9027,Facial@MOT,smile showing teeth
9027,Gaze@MOT,child
9027,Laughter@CHI,L
9027,Arousal@CHI,high
9027,ReactionReason@CHI,Prediction
9028,Gaze@CHI,mom
9028,Facial@MOT,smile showing teeth
9028,Gaze@MOT,child
9028,Laughter@CHI,L
9028,Arousal@CHI,high
9028,ReactionReason@CHI,Prediction
9029,Gaze@CHI,mom
9029,Facial@MOT,smile showing teeth
9029,Gaze@MOT,child
9029,Laughter@CHI,L
9029,Arousal@CHI,high
9029,ReactionReason@CHI,Prediction
9030,Gaze@CHI,mom
9030,Facial@MOT,smile showing teeth
9030,Gaze@MOT,child
9030,Laughter@CHI,L
9030,Arousal@CHI,high
9030,ReactionReason@CHI,Prediction
9031,Gaze@CHI,mom
9031,Facial@MOT,smile showing teeth
9031,Gaze@MOT,child
9031,Laughter@CHI,L
9031,Arousal@CHI,high
9031,ReactionReason@CHI,Prediction
9032,Gaze@CHI,mom
9032,Facial@MOT,smile showing teeth
9032,Gaze@MOT,child
9032,Laughter@CHI,L
9032,Arousal@CHI,high
9032,ReactionReason@CHI,Prediction
9033,Gaze@CHI,mom
9033,Facial@MOT,smile showing teeth
9033,Gaze@MOT,child
9033,Laughter@CHI,L
9033,Arousal@CHI,high
9033,ReactionReason@CHI,Prediction
9034,Gaze@CHI,mom
9034,Facial@MOT,smile showing teeth
9034,Gaze@MOT,child
9034,Laughter@CHI,L
9034,Arousal@CHI,high
9034,ReactionReason@CHI,Prediction
9035,Gaze@CHI,mom
9035,Facial@MOT,smile showing teeth
9035,Gaze@MOT,invisible
9035,Laughter@CHI,L
9035,Arousal@CHI,high
9035,ReactionReason@CHI,Prediction
9036,Gaze@CHI,ball
9036,Facial@MOT,invisible
9036,Gaze@MOT,invisible
9036,Laughter@CHI,L
9036,Arousal@CHI,high
9036,ReactionReason@CHI,Prediction
9037,Gaze@CHI,ball
9037,Facial@MOT,invisible
9037,Gaze@MOT,invisible
9037,Laughter@CHI,L
9037,Arousal@CHI,high
9037,ReactionReason@CHI,Prediction
9038,Gaze@CHI,ball
9038,Facial@MOT,invisible
9038,Gaze@MOT,invisible
9038,Laughter@CHI,L
9038,Arousal@CHI,high
9038,ReactionReason@CHI,Prediction
9039,Gaze@CHI,ball
9039,Facial@MOT,invisible
9039,Gaze@MOT,invisible
9039,Laughter@CHI,L
9039,Arousal@CHI,high
9039,ReactionReason@CHI,Prediction
9040,Gaze@CHI,ball
9040,Facial@MOT,invisible
9040,Gaze@MOT,invisible
9040,Laughter@CHI,L
9040,Arousal@CHI,high
9040,ReactionReason@CHI,Prediction
9041,Gaze@CHI,ball
9041,Facial@MOT,invisible
9041,Gaze@MOT,invisible
9042,Gaze@CHI,ball
9042,Facial@MOT,invisible
9042,Gaze@MOT,invisible
9043,Gaze@CHI,ball
9043,Facial@MOT,invisible
9043,Gaze@MOT,invisible
9044,Gaze@CHI,ball
9044,Facial@MOT,invisible
9044,Gaze@MOT,invisible
9044,Laughter@CHI,L
9044,Arousal@CHI,middle
9044,ReactionReason@CHI,Prediction
9045,Gaze@CHI,ball
9045,Facial@MOT,invisible
9045,Gaze@MOT,invisible
9045,Action@CHI,picking up the ball
9045,Laughter@CHI,L
9045,Arousal@CHI,middle
9045,ReactionReason@CHI,Prediction
9046,Gaze@CHI,ball
9046,Facial@MOT,invisible
9046,Gaze@MOT,invisible
9046,Action@CHI,picking up the ball
9046,Laughter@CHI,L
9046,Arousal@CHI,middle
9046,ReactionReason@CHI,Prediction
9047,Gaze@CHI,ball
9047,Facial@MOT,invisible
9047,Gaze@MOT,invisible
9047,Action@CHI,picking up the ball
9047,Laughter@CHI,L
9047,Arousal@CHI,middle
9047,ReactionReason@CHI,Prediction
9048,Gaze@CHI,ball
9048,Facial@MOT,invisible
9048,Gaze@MOT,invisible
9048,Action@CHI,picking up the ball
9048,Laughter@CHI,L
9048,Arousal@CHI,middle
9048,ReactionReason@CHI,Prediction
9049,Gaze@CHI,ball
9049,Facial@MOT,invisible
9049,Gaze@MOT,invisible
9049,Action@CHI,picking up the ball
9049,Laughter@CHI,L
9049,Arousal@CHI,middle
9049,ReactionReason@CHI,Prediction
9050,Gaze@CHI,ball
9050,Facial@MOT,invisible
9050,Gaze@MOT,invisible
9050,Action@CHI,picking up the ball
9050,Laughter@CHI,L
9050,Arousal@CHI,middle
9050,ReactionReason@CHI,Prediction
9051,Gaze@CHI,ball
9051,Facial@MOT,invisible
9051,Gaze@MOT,invisible
9051,Action@CHI,picking up the ball
9051,Laughter@CHI,L
9051,Arousal@CHI,middle
9051,ReactionReason@CHI,Prediction
9052,Gaze@CHI,ball
9052,Facial@MOT,invisible
9052,Gaze@MOT,invisible
9052,Action@CHI,picking up the ball
9052,Laughter@CHI,L
9052,Arousal@CHI,middle
9052,ReactionReason@CHI,Prediction
9053,Gaze@CHI,ball
9053,Facial@MOT,invisible
9053,Gaze@MOT,invisible
9053,Action@CHI,picking up the ball
9053,Laughter@CHI,L
9053,Arousal@CHI,middle
9053,ReactionReason@CHI,Prediction
9054,Gaze@CHI,ball
9054,Facial@MOT,invisible
9054,Gaze@MOT,invisible
9054,Action@CHI,picking up the ball
9054,Laughter@CHI,L
9054,Arousal@CHI,middle
9054,ReactionReason@CHI,Prediction
9055,Gaze@CHI,ball
9055,Facial@MOT,invisible
9055,Gaze@MOT,invisible
9055,Action@CHI,picking up the ball
9055,Laughter@CHI,L
9055,Arousal@CHI,middle
9055,ReactionReason@CHI,Prediction
9056,Gaze@CHI,ball
9056,Facial@MOT,invisible
9056,Gaze@MOT,invisible
9056,Action@CHI,picking up the ball
9056,Laughter@CHI,L
9056,Arousal@CHI,middle
9056,ReactionReason@CHI,Prediction
9057,Gaze@CHI,ball
9057,Facial@MOT,invisible
9057,Gaze@MOT,invisible
9057,Action@CHI,picking up the ball
9057,Laughter@CHI,L
9057,Arousal@CHI,middle
9057,ReactionReason@CHI,Prediction
9058,Gaze@CHI,ball
9058,Facial@MOT,invisible
9058,Gaze@MOT,invisible
9058,Action@CHI,picking up the ball
9058,Laughter@CHI,L
9058,Arousal@CHI,middle
9058,ReactionReason@CHI,Prediction
9059,Gaze@CHI,ball
9059,Facial@MOT,invisible
9059,Gaze@MOT,invisible
9059,Action@CHI,picking up the ball
9059,Laughter@CHI,L
9059,Arousal@CHI,middle
9059,ReactionReason@CHI,Prediction
9060,Gaze@CHI,ball
9060,Facial@MOT,invisible
9060,Gaze@MOT,invisible
9060,Action@CHI,picking up the ball
9060,Laughter@CHI,L
9060,Arousal@CHI,middle
9060,ReactionReason@CHI,Prediction
9061,Gaze@CHI,ball
9061,Facial@MOT,invisible
9061,Gaze@MOT,invisible
9061,Action@CHI,picking up the ball
9062,Gaze@CHI,ball
9062,Facial@MOT,invisible
9062,Gaze@MOT,invisible
9062,Action@CHI,picking up the ball
9063,Gaze@CHI,ball
9063,Facial@MOT,invisible
9063,Gaze@MOT,invisible
9063,Action@CHI,picking up the ball
9064,Gaze@CHI,ball
9064,Facial@MOT,invisible
9064,Gaze@MOT,invisible
9064,Action@CHI,picking up the ball
9065,Gaze@CHI,ball
9065,Facial@MOT,invisible
9065,Gaze@MOT,invisible
9065,Action@CHI,picking up the ball
9066,Gaze@CHI,ball
9066,Facial@MOT,invisible
9066,Gaze@MOT,invisible
9066,Action@CHI,picking up the ball
9067,Gaze@CHI,ball
9067,Facial@MOT,invisible
9067,Gaze@MOT,invisible
9067,Action@CHI,picking up the ball
9068,Gaze@CHI,ball
9068,Facial@MOT,invisible
9068,Gaze@MOT,invisible
9068,Action@CHI,picking up the ball
9069,Gaze@CHI,ball
9069,Facial@MOT,invisible
9069,Gaze@MOT,invisible
9069,Action@CHI,picking up the ball
9070,Gaze@CHI,ball
9070,Facial@MOT,invisible
9070,Gaze@MOT,invisible
9070,Action@CHI,picking up the ball
9071,Gaze@CHI,ball
9071,Facial@MOT,invisible
9071,Gaze@MOT,invisible
9071,Action@CHI,picking up the ball
9072,Gaze@CHI,ball
9072,Facial@MOT,invisible
9072,Gaze@MOT,invisible
9072,Action@CHI,picking up the ball
9073,Gaze@CHI,ball
9073,Facial@MOT,invisible
9073,Gaze@MOT,invisible
9073,Action@CHI,picking up the ball
9074,Gaze@CHI,ball
9074,Facial@MOT,invisible
9074,Gaze@MOT,invisible
9074,Action@CHI,picking up the ball
9075,Gaze@CHI,ball
9075,Facial@MOT,invisible
9075,Gaze@MOT,invisible
9075,Action@CHI,picking up the ball
9076,Gaze@CHI,ball
9076,Facial@MOT,invisible
9076,Gaze@MOT,invisible
9076,Action@CHI,picking up the ball
9077,Gaze@CHI,ball
9077,Facial@MOT,invisible
9077,Gaze@MOT,invisible
9077,Action@CHI,picking up the ball
9078,Gaze@CHI,ball
9078,Facial@MOT,invisible
9078,Gaze@MOT,invisible
9078,Action@CHI,picking up the ball
9079,Gaze@CHI,ball
9079,Facial@MOT,invisible
9079,Gaze@MOT,invisible
9079,Action@CHI,picking up the ball
9080,Gaze@CHI,ball
9080,Facial@MOT,invisible
9080,Gaze@MOT,invisible
9080,Action@CHI,picking up the ball
9081,Gaze@CHI,ball
9081,Facial@MOT,invisible
9081,Gaze@MOT,invisible
9081,Action@CHI,picking up the ball
9082,Gaze@CHI,ball
9082,Facial@MOT,invisible
9082,Gaze@MOT,invisible
9082,Action@CHI,picking up the ball
9083,Gaze@CHI,ball
9083,Facial@MOT,invisible
9083,Gaze@MOT,invisible
9083,Action@CHI,picking up the ball
9084,Gaze@CHI,ball
9084,Facial@MOT,invisible
9084,Gaze@MOT,invisible
9084,Action@CHI,picking up the ball
9085,Gaze@CHI,ball
9085,Facial@MOT,invisible
9085,Gaze@MOT,invisible
9085,Action@CHI,picking up the ball
9086,Gaze@CHI,ball
9086,Facial@MOT,invisible
9086,Gaze@MOT,invisible
9086,Action@CHI,picking up the ball
9086,Laughter@CHI,L
9086,Arousal@CHI,middle
9086,ReactionReason@CHI,Prediction
9087,Gaze@CHI,ball
9087,Facial@MOT,invisible
9087,Gaze@MOT,invisible
9087,Action@CHI,picking up the ball
9087,Laughter@CHI,L
9087,Arousal@CHI,middle
9087,ReactionReason@CHI,Prediction
9088,Gaze@CHI,ball
9088,Facial@MOT,invisible
9088,Gaze@MOT,invisible
9088,Action@CHI,picking up the ball
9088,Laughter@CHI,L
9088,Arousal@CHI,middle
9088,ReactionReason@CHI,Prediction
9089,Gaze@CHI,ball
9089,Facial@MOT,invisible
9089,Gaze@MOT,invisible
9089,Action@CHI,picking up the ball
9089,Laughter@CHI,L
9089,Arousal@CHI,middle
9089,ReactionReason@CHI,Prediction
9090,Gaze@CHI,ball
9090,Facial@MOT,invisible
9090,Gaze@MOT,invisible
9090,Action@CHI,picking up the ball
9090,Laughter@CHI,L
9090,Arousal@CHI,middle
9090,ReactionReason@CHI,Prediction
9091,Gaze@CHI,ball
9091,Facial@MOT,invisible
9091,Gaze@MOT,invisible
9091,Action@CHI,giving the toy to mom
9091,Laughter@CHI,L
9091,Arousal@CHI,middle
9091,ReactionReason@CHI,Prediction
9092,Gaze@CHI,ball
9092,Facial@MOT,invisible
9092,Gaze@MOT,invisible
9092,Action@CHI,giving the toy to mom
9092,Laughter@CHI,L
9092,Arousal@CHI,middle
9092,ReactionReason@CHI,Prediction
9093,Gaze@CHI,ball
9093,Facial@MOT,invisible
9093,Gaze@MOT,invisible
9093,Action@CHI,giving the toy to mom
9093,Laughter@CHI,L
9093,Arousal@CHI,middle
9093,ReactionReason@CHI,Prediction
9094,Gaze@CHI,ball
9094,Facial@MOT,invisible
9094,Gaze@MOT,invisible
9094,Action@CHI,giving the toy to mom
9094,Laughter@CHI,L
9094,Arousal@CHI,middle
9094,ReactionReason@CHI,Prediction
9095,Gaze@CHI,ball
9095,Facial@MOT,invisible
9095,Gaze@MOT,invisible
9095,Action@CHI,giving the toy to mom
9095,Laughter@CHI,L
9095,Arousal@CHI,middle
9095,ReactionReason@CHI,Prediction
9096,Gaze@CHI,ball
9096,Facial@MOT,invisible
9096,Gaze@MOT,floor
9096,Action@CHI,giving the toy to mom
9096,Laughter@CHI,L
9096,Arousal@CHI,middle
9096,ReactionReason@CHI,Prediction
9097,Gaze@CHI,mom
9097,Facial@MOT,invisible
9097,Gaze@MOT,floor
9097,Action@CHI,giving the toy to mom
9097,Laughter@CHI,L
9097,Arousal@CHI,middle
9097,ReactionReason@CHI,Prediction
9098,Gaze@CHI,mom
9098,Facial@MOT,smile
9098,Gaze@MOT,floor
9098,Action@CHI,giving the toy to mom
9098,Laughter@CHI,L
9098,Arousal@CHI,middle
9098,ReactionReason@CHI,Prediction
9099,Gaze@CHI,mom
9099,Facial@MOT,smile
9099,Gaze@MOT,floor
9099,Action@CHI,giving the toy to mom
9099,Laughter@CHI,L
9099,Arousal@CHI,middle
9099,ReactionReason@CHI,Prediction
9100,Gaze@CHI,mom
9100,Facial@MOT,smile
9100,Gaze@MOT,floor
9100,Action@CHI,giving the toy to mom
9100,Laughter@CHI,L
9100,Arousal@CHI,middle
9100,ReactionReason@CHI,Prediction
9101,Gaze@CHI,mom
9101,Facial@MOT,smile
9101,Gaze@MOT,floor
9101,Action@CHI,giving the toy to mom
9101,Laughter@CHI,L
9101,Arousal@CHI,middle
9101,ReactionReason@CHI,Prediction
9102,Gaze@CHI,mom
9102,Facial@MOT,smile
9102,Gaze@MOT,floor
9102,Action@CHI,giving the toy to mom
9102,Laughter@CHI,L
9102,Arousal@CHI,middle
9102,ReactionReason@CHI,Prediction
9103,Gaze@CHI,mom
9103,Facial@MOT,smile
9103,Gaze@MOT,floor
9103,Action@CHI,giving the toy to mom
9103,Laughter@CHI,L
9103,Arousal@CHI,middle
9103,ReactionReason@CHI,Prediction
9104,Gaze@CHI,mom
9104,Facial@MOT,smile
9104,Gaze@MOT,child
9104,Action@CHI,giving the toy to mom
9104,Laughter@CHI,L
9104,Arousal@CHI,middle
9104,ReactionReason@CHI,Prediction
9105,Gaze@CHI,mom
9105,Facial@MOT,smile
9105,Gaze@MOT,child
9105,Action@CHI,giving the toy to mom
9105,Laughter@CHI,L
9105,Arousal@CHI,middle
9105,ReactionReason@CHI,Prediction
9106,Gaze@CHI,mom
9106,Facial@MOT,smile
9106,Gaze@MOT,child
9106,Action@CHI,giving the toy to mom
9106,Laughter@CHI,L
9106,Arousal@CHI,middle
9106,ReactionReason@CHI,Prediction
9107,Gaze@CHI,mom
9107,Facial@MOT,smile
9107,Gaze@MOT,child
9107,Action@CHI,giving the toy to mom
9108,Gaze@CHI,mom
9108,Facial@MOT,smile
9108,Gaze@MOT,child
9108,Action@CHI,giving the toy to mom
9109,Gaze@CHI,mom
9109,Facial@MOT,smile
9109,Gaze@MOT,child
9109,Action@CHI,giving the toy to mom
9110,Gaze@CHI,mom
9110,Facial@MOT,invisible
9110,Gaze@MOT,child
9110,Action@CHI,giving the toy to mom
9111,Gaze@CHI,mom
9111,Facial@MOT,invisible
9111,Gaze@MOT,floor
9111,Action@CHI,giving the toy to mom
9112,Gaze@CHI,mom
9112,Facial@MOT,invisible
9112,Gaze@MOT,floor
9112,Action@CHI,giving the toy to mom
9113,Gaze@CHI,mom
9113,Facial@MOT,invisible
9113,Gaze@MOT,floor
9113,Action@CHI,giving the toy to mom
9114,Gaze@CHI,mom
9114,Facial@MOT,invisible
9114,Gaze@MOT,floor
9114,Action@CHI,giving the toy to mom
9115,Gaze@CHI,mom
9115,Facial@MOT,invisible
9115,Gaze@MOT,floor
9115,Action@CHI,giving the toy to mom
9116,Gaze@CHI,mom
9116,Facial@MOT,invisible
9116,Gaze@MOT,floor
9116,Action@CHI,giving the toy to mom
9116,Laughable@CHI,baby intentionally throws away the ball
9117,Gaze@CHI,mom
9117,Facial@MOT,invisible
9117,Gaze@MOT,toy
9117,Action@CHI,giving the toy to mom
9117,Laughable@CHI,baby intentionally throws away the ball
9118,Gaze@CHI,mom
9118,Facial@MOT,invisible
9118,Gaze@MOT,toy
9118,Action@CHI,giving the toy to mom
9118,Laughable@CHI,baby intentionally throws away the ball
9119,Gaze@CHI,mom
9119,Facial@MOT,invisible
9119,Gaze@MOT,toy
9119,Action@CHI,giving the toy to mom
9119,Laughable@CHI,baby intentionally throws away the ball
9120,Gaze@CHI,mom
9120,Facial@MOT,invisible
9120,Gaze@MOT,toy
9120,Action@CHI,giving the toy to mom
9120,Laughable@CHI,baby intentionally throws away the ball
9121,Gaze@CHI,mom
9121,Facial@MOT,invisible
9121,Gaze@MOT,toy
9121,Action@CHI,giving the toy to mom
9121,Laughable@CHI,baby intentionally throws away the ball
9122,Gaze@CHI,mom
9122,Facial@MOT,invisible
9122,Gaze@MOT,toy
9122,Action@CHI,giving the toy to mom
9122,Laughable@CHI,baby intentionally throws away the ball
9123,Gaze@CHI,mom
9123,Facial@MOT,invisible
9123,Gaze@MOT,toy
9123,Action@CHI,giving the toy to mom
9123,Laughable@CHI,baby intentionally throws away the ball
9124,Gaze@CHI,mom
9124,Facial@MOT,invisible
9124,Gaze@MOT,toy
9124,Action@CHI,giving the toy to mom
9125,Gaze@CHI,mom
9125,Facial@MOT,invisible
9125,Gaze@MOT,toy
9125,Action@CHI,giving the toy to mom
9126,Gaze@CHI,mom
9126,Facial@MOT,smile
9126,Gaze@MOT,toy
9126,Action@CHI,giving the toy to mom
9126,Laughter@CHI,L
9126,Arousal@CHI,low
9126,ReactionReason@CHI,Prediction
9127,Gaze@CHI,mom
9127,Facial@MOT,smile
9127,Gaze@MOT,toy
9127,Action@CHI,giving the toy to mom
9127,Laughter@CHI,L
9127,Arousal@CHI,low
9127,ReactionReason@CHI,Prediction
9128,Gaze@CHI,mom
9128,Facial@MOT,smile
9128,Gaze@MOT,child
9128,Laughter@CHI,L
9128,Arousal@CHI,low
9128,ReactionReason@CHI,Prediction
9129,Gaze@CHI,mom
9129,Facial@MOT,smile
9129,Gaze@MOT,child
9129,Laughter@CHI,L
9129,Arousal@CHI,low
9129,ReactionReason@CHI,Prediction
9130,Gaze@CHI,mom
9130,Facial@MOT,smile
9130,Gaze@MOT,child
9130,Laughter@CHI,L
9130,Arousal@CHI,low
9130,ReactionReason@CHI,Prediction
9131,Gaze@CHI,mom
9131,Facial@MOT,smile
9131,Gaze@MOT,child
9131,Laughter@CHI,L
9131,Arousal@CHI,low
9131,ReactionReason@CHI,Prediction
9132,Gaze@CHI,mom
9132,Facial@MOT,smile
9132,Gaze@MOT,child
9132,Laughter@CHI,L
9132,Arousal@CHI,low
9132,ReactionReason@CHI,Prediction
9133,Gaze@CHI,mom
9133,Facial@MOT,smile
9133,Gaze@MOT,child
9133,Laughter@CHI,L
9133,Arousal@CHI,low
9133,ReactionReason@CHI,Prediction
9134,Gaze@CHI,mom
9134,Facial@MOT,smile
9134,Gaze@MOT,floor
9134,Laughter@CHI,L
9134,Arousal@CHI,low
9134,ReactionReason@CHI,Prediction
9135,Gaze@CHI,mom
9135,Facial@MOT,smile
9135,Gaze@MOT,floor
9135,Action@CHI,giving the ball to mom
9135,Laughter@CHI,L
9135,Arousal@CHI,low
9135,ReactionReason@CHI,Prediction
9136,Gaze@CHI,mom
9136,Facial@MOT,smile
9136,Utterance@CHI,a-ah
9136,Prosody@CHI,rising
9136,Gaze@MOT,floor
9136,Action@CHI,giving the ball to mom
9136,Arousal@CHI,low
9137,Gaze@CHI,mom
9137,Facial@MOT,smile
9137,Utterance@CHI,a-ah
9137,Prosody@CHI,rising
9137,Gaze@MOT,floor
9137,Action@CHI,giving the ball to mom
9137,Arousal@CHI,low
9138,Gaze@CHI,mom
9138,Facial@MOT,smile
9138,Utterance@CHI,a-ah
9138,Prosody@CHI,rising
9138,Gaze@MOT,floor
9138,Action@CHI,giving the ball to mom
9138,Arousal@CHI,low
9139,Gaze@CHI,mom
9139,Facial@MOT,smile
9139,Utterance@CHI,a-ah
9139,Prosody@CHI,rising
9139,Gaze@MOT,floor
9139,Action@CHI,giving the ball to mom
9139,Arousal@CHI,low
9140,Gaze@CHI,mom
9140,Facial@MOT,smile
9140,Utterance@CHI,a-ah
9140,Prosody@CHI,rising
9140,Gaze@MOT,floor
9140,Action@CHI,giving the ball to mom
9140,Arousal@CHI,low
9141,Gaze@CHI,mom
9141,Facial@MOT,smile
9141,Utterance@CHI,a-ah
9141,Prosody@CHI,rising
9141,Gaze@MOT,floor
9141,Action@CHI,giving the ball to mom
9141,Arousal@CHI,low
9142,Gaze@CHI,mom
9142,Facial@MOT,smile
9142,Gaze@MOT,floor
9142,Action@CHI,giving the ball to mom
9143,Gaze@CHI,mom
9143,Facial@MOT,smile
9143,Gaze@MOT,floor
9143,Action@CHI,giving the ball to mom
9144,Gaze@CHI,mom
9144,Facial@MOT,smile
9144,Utterance@CHI,heavy breathing
9144,Gaze@MOT,floor
9144,Action@CHI,giving the ball to mom
9145,Gaze@CHI,mom
9145,Facial@MOT,smile
9145,Utterance@CHI,heavy breathing
9145,Gaze@MOT,floor
9145,Action@CHI,giving the ball to mom
9146,Gaze@CHI,mom
9146,Facial@MOT,smile
9146,Utterance@CHI,heavy breathing
9146,Gaze@MOT,floor
9146,Action@CHI,giving the ball to mom
9146,Action@MOT,moving towards the ball to take it
9147,Gaze@CHI,mom
9147,Facial@MOT,smile
9147,Utterance@CHI,heavy breathing
9147,Gaze@MOT,floor
9147,Action@CHI,giving the ball to mom
9147,Action@MOT,moving towards the ball to take it
9148,Gaze@CHI,mom
9148,Facial@MOT,smile
9148,Utterance@CHI,heavy breathing
9148,Gaze@MOT,ball
9148,Action@CHI,giving the ball to mom
9148,Action@MOT,moving towards the ball to take it
9149,Gaze@CHI,mom
9149,Utterance@CHI,heavy breathing
9149,Gaze@MOT,ball
9149,Action@CHI,giving the ball to mom
9149,Action@MOT,moving towards the ball to take it
9150,Gaze@CHI,mom
9150,Gaze@MOT,ball
9150,Action@CHI,giving the ball to mom
9150,Action@MOT,moving towards the ball to take it
9151,Gaze@CHI,mom
9151,Facial@MOT,O-shaped mouth
9151,Gaze@MOT,ball
9151,Action@CHI,giving the ball to mom
9151,Action@MOT,moving towards the ball to take it
9151,Laughter@CHI,L
9151,Laughable@MOT,baby's exciting laugh
9151,Arousal@CHI,high
9151,ReactionReason@CHI,Prank
9152,Gaze@CHI,mom
9152,Facial@MOT,O-shaped mouth
9152,Gaze@MOT,ball
9152,Action@CHI,giving the ball to mom
9152,Action@MOT,moving towards the ball to take it
9152,Laughter@CHI,L
9152,Laughable@MOT,baby's exciting laugh
9152,Arousal@CHI,high
9152,ReactionReason@CHI,Prank
9153,Gaze@CHI,mom
9153,Facial@MOT,O-shaped mouth
9153,Gaze@MOT,ball
9153,Action@CHI,giving the ball to mom
9153,Action@MOT,moving towards the ball to take it
9153,Laughter@CHI,L
9153,Laughable@MOT,baby's exciting laugh
9153,Arousal@CHI,high
9153,ReactionReason@CHI,Prank
9154,Gaze@CHI,mom
9154,Facial@MOT,O-shaped mouth
9154,Gaze@MOT,ball
9154,Action@CHI,giving the ball to mom
9154,Action@MOT,moving towards the ball to take it
9154,Laughter@CHI,L
9154,Laughable@MOT,baby's exciting laugh
9154,Arousal@CHI,high
9154,ReactionReason@CHI,Prank
9155,Gaze@CHI,mom
9155,Facial@MOT,O-shaped mouth
9155,Gaze@MOT,ball
9155,Action@CHI,giving the ball to mom
9155,Action@MOT,moving towards the ball to take it
9155,Laughter@CHI,L
9155,Laughable@MOT,baby's exciting laugh
9155,Arousal@CHI,high
9155,ReactionReason@CHI,Prank
9156,Gaze@CHI,mom
9156,Facial@MOT,O-shaped mouth
9156,Gaze@MOT,ball
9156,Action@CHI,giving the ball to mom
9156,Action@MOT,moving towards the ball to take it
9156,Laughter@CHI,L
9156,Laughable@MOT,baby's exciting laugh
9156,Arousal@CHI,high
9156,ReactionReason@CHI,Prank
9157,Gaze@CHI,mom
9157,Facial@MOT,O-shaped mouth
9157,Gaze@MOT,ball
9157,Action@CHI,giving the ball to mom
9157,Action@MOT,moving towards the ball to take it
9157,Laughter@CHI,L
9157,Laughable@MOT,baby's exciting laugh
9157,Arousal@CHI,high
9157,ReactionReason@CHI,Prank
9158,Gaze@CHI,mom
9158,Facial@MOT,O-shaped mouth
9158,Gaze@MOT,ball
9158,Action@CHI,giving the ball to mom
9158,Action@MOT,moving towards the ball to take it
9158,Laughter@CHI,L
9158,Laughable@MOT,baby's exciting laugh
9158,Arousal@CHI,high
9158,ReactionReason@CHI,Prank
9159,Gaze@CHI,mom
9159,Facial@MOT,O-shaped mouth
9159,Gaze@MOT,ball
9159,Action@CHI,giving the ball to mom
9159,Action@MOT,moving towards the ball to take it
9159,Laughter@CHI,L
9159,Laughable@MOT,baby's exciting laugh
9159,Arousal@CHI,high
9159,ReactionReason@CHI,Prank
9160,Gaze@CHI,mom
9160,Facial@MOT,O-shaped mouth
9160,Gaze@MOT,ball
9160,Action@CHI,giving the ball to mom
9160,Action@MOT,moving towards the ball to take it
9160,Laughter@CHI,L
9160,Laughable@MOT,baby's exciting laugh
9160,Arousal@CHI,high
9160,ReactionReason@CHI,Prank
9161,Gaze@CHI,mom
9161,Facial@MOT,O-shaped mouth
9161,Gaze@MOT,ball
9161,Action@CHI,giving the ball to mom
9161,Action@MOT,moving towards the ball to take it
9161,Laughter@CHI,L
9161,Laughable@MOT,baby's exciting laugh
9161,Arousal@CHI,high
9161,ReactionReason@CHI,Prank
9162,Gaze@CHI,mom
9162,Facial@MOT,O-shaped mouth
9162,Gaze@MOT,ball
9162,Action@CHI,giving the ball to mom
9162,Action@MOT,moving towards the ball to take it
9162,Laughter@CHI,L
9162,Laughable@MOT,baby's exciting laugh
9162,Arousal@CHI,high
9162,ReactionReason@CHI,Prank
9163,Gaze@CHI,mom
9163,Facial@MOT,O-shaped mouth
9163,Gaze@MOT,ball
9163,Action@CHI,giving the ball to mom
9163,Action@MOT,moving towards the ball to take it
9163,Laughter@CHI,L
9163,Laughable@CHI,baby intentionally throws away the ball
9163,Laughable@MOT,baby's exciting laugh
9163,Arousal@CHI,high
9163,ReactionReason@CHI,Prank
9164,Gaze@CHI,mom
9164,Facial@MOT,O-shaped mouth
9164,Gaze@MOT,ball
9164,Action@CHI,giving the ball to mom
9164,Action@MOT,moving towards the ball to take it
9164,Laughter@CHI,L
9164,Laughable@CHI,baby intentionally throws away the ball
9164,Laughable@MOT,baby's exciting laugh
9164,Arousal@CHI,high
9164,ReactionReason@CHI,Prank
9165,Gaze@CHI,mom
9165,Facial@MOT,O-shaped mouth
9165,Gaze@MOT,ball
9165,Action@CHI,giving the ball to mom
9165,Action@MOT,moving towards the ball to take it
9165,Laughter@CHI,L
9165,Laughable@CHI,baby intentionally throws away the ball
9165,Laughable@MOT,baby's exciting laugh
9165,Arousal@CHI,high
9165,ReactionReason@CHI,Prank
9166,Gaze@CHI,mom
9166,Facial@MOT,smile showing teeth
9166,Gaze@MOT,ball
9166,Action@CHI,giving the ball to mom
9166,Action@MOT,moving towards the ball to take it
9166,Laughter@CHI,L
9166,Laughable@CHI,baby intentionally throws away the ball
9166,Laughable@MOT,baby's exciting laugh
9166,Arousal@CHI,high
9166,ReactionReason@CHI,Prank
9167,Gaze@CHI,mom
9167,Facial@MOT,smile showing teeth
9167,Gaze@MOT,ball
9167,Action@CHI,giving the ball to mom
9167,Action@MOT,moving towards the ball to take it
9167,Laughter@CHI,L
9167,Laughable@CHI,baby intentionally throws away the ball
9167,Laughable@MOT,baby's exciting laugh
9167,Arousal@CHI,high
9167,ReactionReason@CHI,Prank
9168,Gaze@CHI,mom
9168,Facial@MOT,smile showing teeth
9168,Gaze@MOT,ball
9168,Action@CHI,giving the ball to mom
9168,Action@MOT,moving towards the ball to take it
9168,Laughter@CHI,L
9168,Laughable@CHI,baby intentionally throws away the ball
9168,Laughable@MOT,baby's exciting laugh
9168,Arousal@CHI,high
9168,ReactionReason@CHI,Prank
9169,Gaze@CHI,mom
9169,Facial@MOT,smile showing teeth
9169,Gaze@MOT,ball
9169,Action@CHI,giving the ball to mom
9169,Action@MOT,moving towards the ball to take it
9169,Laughter@CHI,L
9169,Laughable@CHI,baby intentionally throws away the ball
9169,Laughable@MOT,baby's exciting laugh
9169,Arousal@CHI,high
9169,ReactionReason@CHI,Prank
9170,Gaze@CHI,mom
9170,Facial@MOT,smile showing teeth
9170,Gaze@MOT,ball
9170,Action@CHI,giving the ball to mom
9170,Action@MOT,moving towards the ball to take it
9170,Laughter@CHI,L
9170,Laughable@CHI,baby intentionally throws away the ball
9170,Laughable@MOT,baby's exciting laugh
9170,Arousal@CHI,high
9170,ReactionReason@CHI,Prank
9171,Gaze@CHI,mom
9171,Facial@MOT,smile showing teeth
9171,Gaze@MOT,ball
9171,Action@CHI,giving the ball to mom
9171,Action@MOT,moving towards the ball to take it
9171,Laughter@CHI,L
9171,Laughable@CHI,baby intentionally throws away the ball
9171,Laughable@MOT,baby's exciting laugh
9171,Arousal@CHI,high
9171,ReactionReason@CHI,Prank
9172,Gaze@CHI,mom
9172,Facial@MOT,smile showing teeth
9172,Gaze@MOT,ball
9172,Action@CHI,giving the ball to mom
9172,Action@MOT,moving towards the ball to take it
9172,Laughter@CHI,L
9172,Laughable@MOT,baby's exciting laugh
9172,Arousal@CHI,high
9172,ReactionReason@CHI,Prank
9173,Gaze@CHI,mom
9173,Facial@MOT,smile showing teeth
9173,Gaze@MOT,ball
9173,Action@CHI,giving the ball to mom
9173,Action@MOT,moving towards the ball to take it
9173,Laughter@CHI,L
9173,Laughable@MOT,baby's exciting laugh
9173,Arousal@CHI,high
9173,ReactionReason@CHI,Prank
9174,Gaze@CHI,mom
9174,Gaze@MOT,ball
9174,Action@CHI,giving the ball to mom
9174,Action@MOT,moving towards the ball to take it
9174,Laughter@CHI,L
9174,Laughable@MOT,baby's exciting laugh
9174,Arousal@CHI,high
9174,ReactionReason@CHI,Prank
9175,Gaze@CHI,mom
9175,Gaze@MOT,ball
9175,Action@CHI,giving the ball to mom
9175,Action@MOT,moving towards the ball to take it
9175,Laughter@CHI,L
9175,Laughable@MOT,baby's exciting laugh
9175,Arousal@CHI,high
9175,ReactionReason@CHI,Prank
9176,Gaze@CHI,mom
9176,Facial@MOT,O-shaped mouth
9176,Gaze@MOT,ball
9176,Action@CHI,giving the ball to mom
9176,Action@MOT,moving towards the ball to take it
9176,Laughter@CHI,L
9176,Laughable@MOT,baby's exciting laugh
9176,Arousal@CHI,high
9176,ReactionReason@CHI,Prank
9177,Gaze@CHI,mom
9177,Facial@MOT,O-shaped mouth
9177,Gaze@MOT,ball
9177,Action@CHI,giving the ball to mom
9177,Action@MOT,moving towards the ball to take it
9177,Laughter@CHI,L
9177,Laughable@MOT,baby's exciting laugh
9177,Arousal@CHI,high
9177,ReactionReason@CHI,Prank
9178,Gaze@CHI,mom
9178,Facial@MOT,O-shaped mouth
9178,Gaze@MOT,ball
9178,Action@CHI,giving the ball to mom
9178,Action@MOT,moving towards the ball to take it
9178,Laughter@CHI,L
9178,Laughable@MOT,baby's exciting laugh
9178,Arousal@CHI,high
9178,ReactionReason@CHI,Prank
9179,Gaze@CHI,mom
9179,Facial@MOT,O-shaped mouth
9179,Gaze@MOT,child
9179,Action@CHI,giving the ball to mom
9179,Action@MOT,moving towards the ball to take it
9179,Laughter@CHI,L
9179,Laughable@MOT,baby's exciting laugh
9179,Arousal@CHI,high
9179,ReactionReason@CHI,Prank
9180,Gaze@CHI,mom
9180,Facial@MOT,O-shaped mouth
9180,Gaze@MOT,child
9180,Action@CHI,giving the ball to mom
9180,Action@MOT,moving towards the ball to take it
9180,Laughter@CHI,L
9180,Laughable@MOT,baby's exciting laugh
9180,Arousal@CHI,high
9180,ReactionReason@CHI,Prank
9181,Gaze@CHI,mom
9181,Facial@MOT,O-shaped mouth
9181,Gaze@MOT,child
9181,Action@CHI,giving the ball to mom
9181,Action@MOT,moving towards the ball to take it
9181,Laughter@CHI,L
9181,Laughable@MOT,baby's exciting laugh
9181,Arousal@CHI,high
9181,ReactionReason@CHI,Prank
9182,Gaze@CHI,mom
9182,Facial@MOT,O-shaped mouth
9182,Gaze@MOT,child
9182,Action@CHI,falling
9182,Action@MOT,moving towards the ball to take it
9182,Laughter@CHI,L
9182,Laughable@MOT,baby's exciting laugh
9182,Arousal@CHI,high
9182,ReactionReason@CHI,Prank
9183,Gaze@CHI,mom
9183,Facial@MOT,O-shaped mouth
9183,Gaze@MOT,child
9183,Action@CHI,falling
9183,Action@MOT,moving towards the ball to take it
9183,Laughter@CHI,L
9183,Laughable@MOT,baby's exciting laugh
9183,Arousal@CHI,high
9183,ReactionReason@CHI,Prank
9184,Gaze@CHI,mom
9184,Facial@MOT,O-shaped mouth
9184,Gaze@MOT,child
9184,Action@CHI,falling
9184,Action@MOT,moving towards the ball to take it
9184,Laughter@CHI,L
9184,Laughable@MOT,baby's exciting laugh
9184,Arousal@CHI,high
9184,ReactionReason@CHI,Prank
9185,Gaze@CHI,mom
9185,Facial@MOT,O-shaped mouth
9185,Gaze@MOT,child
9185,Action@CHI,falling
9185,Action@MOT,moving towards the ball to take it
9185,Laughter@CHI,L
9185,Laughable@MOT,baby's exciting laugh
9185,Arousal@CHI,high
9185,ReactionReason@CHI,Prank
9186,Gaze@CHI,floor
9186,Facial@MOT,invisible
9186,Gaze@MOT,child
9186,Action@CHI,falling
9186,Action@MOT,moving towards the ball to take it
9186,Laughter@CHI,L
9186,Laughable@MOT,baby's exciting laugh
9186,Arousal@CHI,high
9186,ReactionReason@CHI,Prank
9187,Gaze@CHI,floor
9187,Facial@MOT,invisible
9187,Gaze@MOT,child
9187,Action@CHI,falling
9187,Laughter@CHI,L
9187,Laughable@MOT,baby's exciting laugh
9187,Arousal@CHI,high
9187,ReactionReason@CHI,Prank
9188,Gaze@CHI,floor
9188,Facial@MOT,invisible
9188,Gaze@MOT,child
9188,Action@CHI,falling
9188,Laughter@CHI,L
9188,Laughable@MOT,baby's exciting laugh
9188,Arousal@CHI,high
9188,ReactionReason@CHI,Prank
9189,Gaze@CHI,floor
9189,Facial@MOT,invisible
9189,Gaze@MOT,child
9189,Action@CHI,falling
9189,Laughter@CHI,L
9189,Laughable@MOT,baby's exciting laugh
9189,Arousal@CHI,high
9189,ReactionReason@CHI,Prank
9190,Gaze@CHI,floor
9190,Facial@MOT,invisible
9190,Gaze@MOT,child
9190,Action@CHI,falling
9190,Laughter@CHI,L
9190,Laughable@MOT,baby's exciting laugh
9190,Arousal@CHI,high
9190,ReactionReason@CHI,Prank
9191,Gaze@CHI,floor
9191,Facial@MOT,invisible
9191,Gaze@MOT,child
9191,Action@CHI,falling
9191,Laughter@CHI,L
9191,Laughable@MOT,baby's exciting laugh
9191,Arousal@CHI,high
9191,ReactionReason@CHI,Prank
9192,Gaze@CHI,floor
9192,Facial@MOT,invisible
9192,Gaze@MOT,child
9192,Action@CHI,falling
9192,Laughter@CHI,L
9192,Laughable@MOT,baby's exciting laugh
9192,Arousal@CHI,high
9192,ReactionReason@CHI,Prank
9193,Gaze@CHI,floor
9193,Facial@MOT,invisible
9193,Gaze@MOT,child
9193,Action@CHI,falling
9193,Laughter@CHI,L
9193,Laughable@MOT,baby's exciting laugh
9193,Arousal@CHI,high
9193,ReactionReason@CHI,Prank
9194,Gaze@CHI,floor
9194,Facial@MOT,invisible
9194,Gaze@MOT,child
9194,Action@CHI,falling
9194,Laughter@CHI,L
9194,Laughable@MOT,baby's exciting laugh
9194,Arousal@CHI,high
9194,ReactionReason@CHI,Prank
9195,Gaze@CHI,floor
9195,Facial@MOT,invisible
9195,Gaze@MOT,child
9195,Action@CHI,falling
9195,Laughter@CHI,L
9195,Laughable@MOT,baby's exciting laugh
9195,Arousal@CHI,high
9195,ReactionReason@CHI,Prank
9196,Gaze@CHI,floor
9196,Facial@MOT,invisible
9196,Gaze@MOT,child
9196,Laughter@CHI,L
9196,Laughable@MOT,baby's exciting laugh
9196,Arousal@CHI,high
9196,ReactionReason@CHI,Prank
9197,Gaze@CHI,floor
9197,Facial@MOT,smile showing teeth
9197,Gaze@MOT,child
9197,Laughter@CHI,L
9197,Laughable@MOT,baby's exciting laugh
9197,Arousal@CHI,high
9197,ReactionReason@CHI,Prank
9198,Gaze@CHI,mom
9198,Facial@MOT,smile showing teeth
9198,Gaze@MOT,child
9198,Laughter@CHI,L
9198,Laughable@MOT,baby's exciting laugh
9198,Arousal@CHI,high
9198,ReactionReason@CHI,Prank
9199,Gaze@CHI,mom
9199,Facial@MOT,smile showing teeth
9199,Gaze@MOT,child
9199,Laughter@CHI,L
9199,Laughable@MOT,baby's exciting laugh
9199,Arousal@CHI,high
9199,ReactionReason@CHI,Prank
9200,Gaze@CHI,mom
9200,Facial@MOT,smile showing teeth
9200,Gaze@MOT,child
9200,Laughter@CHI,L
9200,Laughable@MOT,baby's exciting laugh
9200,Arousal@CHI,high
9200,ReactionReason@CHI,Prank
9201,Gaze@CHI,mom
9201,Facial@MOT,smile showing teeth
9201,Gaze@MOT,child
9201,Laughter@CHI,L
9201,Laughable@MOT,baby's exciting laugh
9201,Arousal@CHI,high
9201,ReactionReason@CHI,Prank
9202,Gaze@CHI,mom
9202,Facial@MOT,smile showing teeth
9202,Gaze@MOT,child
9202,Laughter@CHI,L
9202,Laughable@MOT,baby's exciting laugh
9202,Arousal@CHI,high
9202,ReactionReason@CHI,Prank
9203,Gaze@CHI,mom
9203,Facial@MOT,smile showing teeth
9203,Gaze@MOT,child
9203,Laughter@CHI,L
9203,Laughable@MOT,baby's exciting laugh
9203,Arousal@CHI,high
9203,ReactionReason@CHI,Prank
9204,Gaze@CHI,mom
9204,Facial@MOT,smile showing teeth
9204,Gaze@MOT,child
9204,Laughter@CHI,L
9204,Laughable@MOT,baby's exciting laugh
9204,Arousal@CHI,high
9204,ReactionReason@CHI,Prank
9205,Gaze@CHI,mom
9205,Facial@MOT,smile showing teeth
9205,Gaze@MOT,child
9205,Laughter@CHI,L
9205,Laughable@MOT,baby's exciting laugh
9205,Arousal@CHI,high
9205,ReactionReason@CHI,Prank
9206,Gaze@CHI,mom
9206,Facial@MOT,smile showing teeth
9206,Gaze@MOT,child
9206,Laughter@CHI,L
9206,Laughable@MOT,baby's exciting laugh
9206,Arousal@CHI,high
9206,ReactionReason@CHI,Prank
9207,Gaze@CHI,mom
9207,Facial@MOT,smile showing teeth
9207,Gaze@MOT,child
9207,Laughter@CHI,L
9207,Laughable@MOT,baby's exciting laugh
9207,Arousal@CHI,high
9207,ReactionReason@CHI,Prank
9208,Gaze@CHI,mom
9208,Facial@MOT,smile showing teeth
9208,Gaze@MOT,child
9208,Laughter@CHI,L
9208,Laughable@MOT,baby's exciting laugh
9208,Arousal@CHI,high
9208,ReactionReason@CHI,Prank
9209,Gaze@CHI,mom
9209,Facial@MOT,smile showing teeth
9209,Gaze@MOT,child
9209,Laughter@CHI,L
9209,Laughable@MOT,baby's exciting laugh
9209,Arousal@CHI,high
9209,ReactionReason@CHI,Prank
9210,Gaze@CHI,mom
9210,Facial@MOT,smile showing teeth
9210,Gaze@MOT,child
9210,Laughter@CHI,L
9210,Laughable@MOT,baby's exciting laugh
9210,Arousal@CHI,high
9210,ReactionReason@CHI,Prank
9211,Gaze@CHI,mom
9211,Facial@MOT,smile showing teeth
9211,Gaze@MOT,child
9211,Laughter@CHI,L
9211,Laughable@MOT,baby's exciting laugh
9211,Arousal@CHI,high
9211,ReactionReason@CHI,Prank
9212,Gaze@CHI,mom
9212,Facial@MOT,smile showing teeth
9212,Gaze@MOT,child
9212,Laughter@CHI,L
9212,Laughable@MOT,baby's exciting laugh
9212,Arousal@CHI,high
9212,ReactionReason@CHI,Prank
9213,Gaze@CHI,mom
9213,Facial@MOT,smile showing teeth
9213,Gaze@MOT,child
9213,Laughter@CHI,L
9213,Laughable@MOT,baby's exciting laugh
9213,Arousal@CHI,high
9213,ReactionReason@CHI,Prank
9214,Gaze@CHI,floor
9214,Facial@MOT,smile showing teeth
9214,Utterance@MOT,This is harmonious to hear.
9214,Prosody@MOT,falling
9214,Gaze@MOT,child
9214,Laughter@CHI,L
9214,Laughable@MOT,baby's exciting laugh
9214,Arousal@CHI,high
9214,ReactionReason@CHI,Prank
9215,Gaze@CHI,floor
9215,Facial@MOT,smile showing teeth
9215,Utterance@MOT,This is harmonious to hear.
9215,Prosody@MOT,falling
9215,Gaze@MOT,child
9215,Laughter@CHI,L
9215,Arousal@CHI,high
9215,ReactionReason@CHI,Prank
9216,Gaze@CHI,floor
9216,Facial@MOT,smile showing teeth
9216,Utterance@MOT,This is harmonious to hear.
9216,Prosody@MOT,falling
9216,Gaze@MOT,child
9216,Laughter@CHI,L
9216,Laughter@MOT,SL
9216,Arousal@CHI,high
9216,ReactionReason@CHI,Prank
9217,Gaze@CHI,floor
9217,Facial@MOT,smile showing teeth
9217,Utterance@MOT,This is harmonious to hear.
9217,Prosody@MOT,falling
9217,Gaze@MOT,child
9217,Laughter@MOT,SL
9218,Gaze@CHI,floor
9218,Facial@MOT,smile showing teeth
9218,Utterance@CHI,eh
9218,Utterance@MOT,This is harmonious to hear.
9218,Prosody@MOT,falling
9218,Gaze@MOT,child
9218,Laughter@MOT,SL
9219,Gaze@CHI,floor
9219,Facial@MOT,smile showing teeth
9219,Utterance@CHI,eh
9219,Utterance@MOT,This is harmonious to hear.
9219,Prosody@MOT,falling
9219,Gaze@MOT,child
9219,Laughter@MOT,SL
9220,Gaze@CHI,floor
9220,Facial@MOT,smile showing teeth
9220,Utterance@CHI,eh
9220,Utterance@MOT,This is harmonious to hear.
9220,Prosody@MOT,falling
9220,Gaze@MOT,child
9220,Laughter@MOT,SL
9221,Gaze@CHI,floor
9221,Facial@MOT,smile showing teeth
9221,Utterance@CHI,eh
9221,Utterance@MOT,This is harmonious to hear.
9221,Prosody@MOT,falling
9221,Gaze@MOT,child
9221,Laughter@MOT,SL
9222,Gaze@CHI,floor
9222,Facial@MOT,smile showing teeth
9222,Utterance@CHI,eh
9222,Utterance@MOT,This is harmonious to hear.
9222,Prosody@MOT,falling
9222,Gaze@MOT,child
9222,Laughter@MOT,SL
9223,Gaze@CHI,floor
9223,Facial@MOT,smile showing teeth
9223,Utterance@CHI,eh
9223,Utterance@MOT,This is harmonious to hear.
9223,Prosody@MOT,falling
9223,Gaze@MOT,child
9223,Laughter@MOT,SL
9224,Gaze@CHI,floor
9224,Facial@MOT,smile showing teeth
9224,Utterance@MOT,This is harmonious to hear.
9224,Prosody@MOT,falling
9224,Gaze@MOT,child
9224,Laughter@MOT,SL
9225,Gaze@CHI,floor
9225,Facial@MOT,smile showing teeth
9225,Utterance@MOT,This is harmonious to hear.
9225,Prosody@MOT,falling
9225,Gaze@MOT,child
9225,Laughter@MOT,SL
9226,Gaze@CHI,floor
9226,Facial@MOT,smile showing teeth
9226,Utterance@MOT,This is harmonious to hear.
9226,Prosody@MOT,falling
9226,Gaze@MOT,child
9226,Laughter@MOT,SL
9227,Gaze@CHI,floor
9227,Facial@MOT,smile showing teeth
9227,Utterance@MOT,This is harmonious to hear.
9227,Prosody@MOT,falling
9227,Gaze@MOT,child
9227,Laughter@MOT,SL
9228,Gaze@CHI,floor
9228,Facial@MOT,smile showing teeth
9228,Utterance@MOT,This is harmonious to hear.
9228,Prosody@MOT,falling
9228,Gaze@MOT,child
9228,Laughter@MOT,SL
9229,Gaze@CHI,floor
9229,Facial@MOT,smile showing teeth
9229,Utterance@MOT,This is harmonious to hear.
9229,Prosody@MOT,falling
9229,Gaze@MOT,child
9229,Laughter@MOT,SL
9230,Gaze@CHI,floor
9230,Facial@MOT,smile showing teeth
9230,Utterance@MOT,This is harmonious to hear.
9230,Prosody@MOT,falling
9230,Gaze@MOT,child
9230,Laughter@MOT,SL
9231,Gaze@CHI,floor
9231,Facial@MOT,smile showing teeth
9231,Utterance@MOT,This is harmonious to hear.
9231,Prosody@MOT,falling
9231,Gaze@MOT,child
9231,Laughter@MOT,SL
9232,Gaze@CHI,floor
9232,Facial@MOT,smile showing teeth
9232,Utterance@MOT,This is harmonious to hear.
9232,Prosody@MOT,falling
9232,Gaze@MOT,child
9232,Laughter@MOT,SL
9233,Gaze@CHI,floor
9233,Facial@MOT,smile showing teeth
9233,Utterance@MOT,This is harmonious to hear.
9233,Prosody@MOT,falling
9233,Gaze@MOT,child
9233,Laughter@MOT,SL
9234,Gaze@CHI,floor
9234,Facial@MOT,smile showing teeth
9234,Utterance@MOT,This is harmonious to hear.
9234,Prosody@MOT,falling
9234,Gaze@MOT,child
9234,Laughter@MOT,SL
9235,Gaze@CHI,floor
9235,Facial@MOT,smile showing teeth
9235,Utterance@MOT,This is harmonious to hear.
9235,Prosody@MOT,falling
9235,Gaze@MOT,child
9235,Laughter@MOT,SL
9236,Gaze@CHI,floor
9236,Facial@MOT,smile showing teeth
9236,Utterance@MOT,This is harmonious to hear.
9236,Prosody@MOT,falling
9236,Gaze@MOT,child
9236,Laughter@MOT,SL
9237,Gaze@CHI,floor
9237,Facial@MOT,smile showing teeth
9237,Utterance@MOT,This is harmonious to hear.
9237,Prosody@MOT,falling
9237,Gaze@MOT,child
9237,Laughter@MOT,SL
9238,Gaze@CHI,floor
9238,Facial@MOT,smile showing teeth
9238,Gaze@MOT,child
9238,Laughter@MOT,SL
9239,Gaze@CHI,floor
9239,Facial@MOT,smile showing teeth
9239,Gaze@MOT,child
9239,Laughter@MOT,SL
9240,Gaze@CHI,floor
9240,Facial@MOT,smile showing teeth
9240,Gaze@MOT,child
9240,Action@CHI,giving the ball to mom
9240,Laughter@MOT,SL
9241,Gaze@CHI,mom
9241,Facial@MOT,smile showing teeth
9241,Gaze@MOT,child
9241,Action@CHI,giving the ball to mom
9241,Laughter@MOT,SL
9242,Gaze@CHI,mom
9242,Facial@MOT,smile showing teeth
9242,Gaze@MOT,child
9242,Action@CHI,giving the ball to mom
9242,Laughter@MOT,SL
9243,Gaze@CHI,mom
9243,Facial@MOT,smile showing teeth
9243,Gaze@MOT,child
9243,Action@CHI,giving the ball to mom
9243,Laughter@MOT,SL
9244,Gaze@CHI,mom
9244,Facial@MOT,smile showing teeth
9244,Gaze@MOT,child
9244,Action@CHI,giving the ball to mom
9244,Laughter@MOT,SL
9245,Gaze@CHI,mom
9245,Facial@MOT,smile showing teeth
9245,Gaze@MOT,child
9245,Action@CHI,giving the ball to mom
9246,Gaze@CHI,mom
9246,Facial@MOT,smile showing teeth
9246,Gaze@MOT,child
9246,Action@CHI,giving the ball to mom
9246,Laughter@CHI,L
9246,Arousal@CHI,middle
9246,ReactionReason@CHI,Prank
9247,Gaze@CHI,mom
9247,Facial@MOT,smile showing teeth
9247,Gaze@MOT,child
9247,Action@CHI,giving the ball to mom
9247,Laughter@CHI,L
9247,Arousal@CHI,middle
9247,ReactionReason@CHI,Prank
9248,Gaze@CHI,mom
9248,Facial@MOT,smile showing teeth
9248,Gaze@MOT,child
9248,Action@CHI,giving the ball to mom
9248,Laughter@CHI,L
9248,Arousal@CHI,middle
9248,ReactionReason@CHI,Prank
9249,Gaze@CHI,mom
9249,Facial@MOT,smile showing teeth
9249,Gaze@MOT,child
9249,Action@CHI,giving the ball to mom
9249,Laughter@CHI,L
9249,Arousal@CHI,middle
9249,ReactionReason@CHI,Prank
9250,Gaze@CHI,mom
9250,Facial@MOT,smile showing teeth
9250,Gaze@MOT,child
9250,Action@CHI,giving the ball to mom
9250,Laughter@CHI,L
9250,Arousal@CHI,middle
9250,ReactionReason@CHI,Prank
9251,Gaze@CHI,mom
9251,Facial@MOT,smile showing teeth
9251,Gaze@MOT,child
9251,Action@CHI,giving the ball to mom
9251,Laughter@CHI,L
9251,Arousal@CHI,middle
9251,ReactionReason@CHI,Prank
9252,Gaze@CHI,mom
9252,Facial@MOT,smile showing teeth
9252,Gaze@MOT,child
9252,Action@CHI,giving the ball to mom
9252,Laughter@CHI,L
9252,Arousal@CHI,middle
9252,ReactionReason@CHI,Prank
9253,Gaze@CHI,mom
9253,Facial@MOT,smile showing teeth
9253,Gaze@MOT,child
9253,Action@CHI,giving the ball to mom
9253,Laughter@CHI,L
9253,Arousal@CHI,middle
9253,ReactionReason@CHI,Prank
9254,Gaze@CHI,mom
9254,Facial@MOT,smile showing teeth
9254,Gaze@MOT,child
9254,Action@CHI,giving the ball to mom
9254,Laughter@CHI,L
9254,Arousal@CHI,middle
9254,ReactionReason@CHI,Prank
9255,Gaze@CHI,mom
9255,Facial@MOT,smile showing teeth
9255,Gaze@MOT,ball
9255,Action@CHI,giving the ball to mom
9255,Action@MOT,moving towards the ball to take it
9255,Laughter@CHI,L
9255,Arousal@CHI,middle
9255,ReactionReason@CHI,Prank
9256,Gaze@CHI,mom
9256,Facial@MOT,smile showing teeth
9256,Gaze@MOT,ball
9256,Action@CHI,giving the ball to mom
9256,Action@MOT,moving towards the ball to take it
9256,Laughter@CHI,L
9256,Arousal@CHI,middle
9256,ReactionReason@CHI,Prank
9257,Gaze@CHI,mom
9257,Facial@MOT,smile showing teeth
9257,Gaze@MOT,ball
9257,Action@CHI,giving the ball to mom
9257,Action@MOT,moving towards the ball to take it
9257,Laughter@CHI,L
9257,Arousal@CHI,middle
9257,ReactionReason@CHI,Prank
9258,Gaze@CHI,mom
9258,Facial@MOT,O-shaped mouth
9258,Gaze@MOT,ball
9258,Action@CHI,giving the ball to mom
9258,Action@MOT,moving towards the ball to take it
9258,Laughter@CHI,L
9258,Arousal@CHI,middle
9258,ReactionReason@CHI,Prank
9259,Gaze@CHI,mom
9259,Facial@MOT,O-shaped mouth
9259,Gaze@MOT,ball
9259,Action@CHI,falling
9259,Action@MOT,moving towards the ball to take it
9259,Laughter@CHI,L
9259,Arousal@CHI,middle
9259,ReactionReason@CHI,Prank
9260,Gaze@CHI,mom
9260,Facial@MOT,O-shaped mouth
9260,Gaze@MOT,ball
9260,Action@CHI,falling
9260,Action@MOT,moving towards the ball to take it
9260,Laughter@CHI,L
9260,Laughable@CHI,baby intentionally throws away the ball
9260,Arousal@CHI,middle
9260,ReactionReason@CHI,Prank
9261,Gaze@CHI,floor
9261,Facial@MOT,O-shaped mouth
9261,Gaze@MOT,invisible
9261,Action@CHI,falling
9261,Laughter@CHI,L
9261,Laughable@CHI,baby intentionally throws away the ball
9261,Arousal@CHI,middle
9261,ReactionReason@CHI,Prank
9262,Gaze@CHI,floor
9262,Facial@MOT,invisible
9262,Gaze@MOT,invisible
9262,Action@CHI,falling
9262,Laughter@CHI,L
9262,Laughable@CHI,baby intentionally throws away the ball
9262,Arousal@CHI,middle
9262,ReactionReason@CHI,Prank
9263,Gaze@CHI,floor
9263,Facial@MOT,invisible
9263,Gaze@MOT,invisible
9263,Action@CHI,falling
9263,Laughter@CHI,L
9263,Laughable@CHI,baby intentionally throws away the ball
9263,Arousal@CHI,middle
9263,ReactionReason@CHI,Prank
9264,Gaze@CHI,floor
9264,Facial@MOT,invisible
9264,Gaze@MOT,invisible
9264,Action@CHI,falling
9264,Laughter@CHI,L
9264,Laughable@CHI,baby intentionally throws away the ball
9264,Arousal@CHI,middle
9264,ReactionReason@CHI,Prank
9265,Gaze@CHI,floor
9265,Facial@MOT,invisible
9265,Gaze@MOT,invisible
9265,Laughter@CHI,L
9265,Laughable@CHI,baby intentionally throws away the ball
9265,Arousal@CHI,middle
9265,ReactionReason@CHI,Prank
9266,Gaze@CHI,floor
9266,Facial@MOT,invisible
9266,Gaze@MOT,invisible
9266,Laughter@CHI,L
9266,Arousal@CHI,middle
9266,ReactionReason@CHI,Prank
9267,Gaze@CHI,floor
9267,Facial@MOT,invisible
9267,Gaze@MOT,invisible
9267,Laughter@CHI,L
9267,Arousal@CHI,middle
9267,ReactionReason@CHI,Prank
9268,Gaze@CHI,floor
9268,Facial@MOT,invisible
9268,Gaze@MOT,invisible
9268,Laughter@CHI,L
9268,Arousal@CHI,middle
9268,ReactionReason@CHI,Prank
9269,Gaze@CHI,floor
9269,Facial@MOT,invisible
9269,Gaze@MOT,invisible
9269,Laughter@CHI,L
9269,Arousal@CHI,middle
9269,ReactionReason@CHI,Prank
9270,Gaze@CHI,floor
9270,Facial@MOT,invisible
9270,Gaze@MOT,invisible
9270,Laughter@CHI,L
9270,Arousal@CHI,middle
9270,ReactionReason@CHI,Prank
9271,Gaze@CHI,floor
9271,Facial@MOT,invisible
9271,Gaze@MOT,invisible
9271,Laughter@CHI,L
9271,Arousal@CHI,middle
9271,ReactionReason@CHI,Prank
9272,Gaze@CHI,floor
9272,Facial@MOT,invisible
9272,Gaze@MOT,invisible
9272,Laughter@CHI,L
9272,Arousal@CHI,middle
9272,ReactionReason@CHI,Prank
9273,Gaze@CHI,floor
9273,Facial@MOT,invisible
9273,Gaze@MOT,invisible
9273,Laughter@CHI,L
9273,Arousal@CHI,middle
9273,ReactionReason@CHI,Prank
9274,Gaze@CHI,floor
9274,Facial@MOT,invisible
9274,Gaze@MOT,invisible
9274,Laughter@CHI,L
9274,Arousal@CHI,middle
9274,ReactionReason@CHI,Prank
9275,Gaze@CHI,floor
9275,Facial@MOT,invisible
9275,Gaze@MOT,invisible
9275,Laughter@CHI,L
9275,Arousal@CHI,middle
9275,ReactionReason@CHI,Prank
9276,Gaze@CHI,floor
9276,Facial@MOT,invisible
9276,Gaze@MOT,invisible
9276,Laughter@CHI,L
9276,Arousal@CHI,middle
9276,ReactionReason@CHI,Prank
9277,Gaze@CHI,floor
9277,Facial@MOT,invisible
9277,Gaze@MOT,invisible
9277,Laughter@CHI,L
9277,Arousal@CHI,middle
9277,ReactionReason@CHI,Prank
9278,Gaze@CHI,floor
9278,Facial@MOT,invisible
9278,Gaze@MOT,invisible
9278,Laughter@CHI,L
9278,Arousal@CHI,middle
9278,ReactionReason@CHI,Prank
9279,Gaze@CHI,floor
9279,Facial@MOT,invisible
9279,Gaze@MOT,invisible
9279,Laughter@CHI,L
9279,Arousal@CHI,middle
9279,ReactionReason@CHI,Prank
9280,Gaze@CHI,floor
9280,Facial@MOT,invisible
9280,Gaze@MOT,invisible
9280,Laughter@CHI,L
9280,Arousal@CHI,middle
9280,ReactionReason@CHI,Prank
9281,Gaze@CHI,floor
9281,Facial@MOT,invisible
9281,Gaze@MOT,invisible
9281,Laughter@CHI,L
9281,Arousal@CHI,middle
9281,ReactionReason@CHI,Prank
9282,Gaze@CHI,floor
9282,Facial@MOT,invisible
9282,Gaze@MOT,invisible
9282,Laughter@CHI,L
9282,Arousal@CHI,middle
9282,ReactionReason@CHI,Prank
9283,Gaze@CHI,floor
9283,Facial@MOT,invisible
9283,Gaze@MOT,invisible
9283,Laughter@CHI,L
9283,Arousal@CHI,middle
9283,ReactionReason@CHI,Prank
9284,Gaze@CHI,floor
9284,Facial@MOT,invisible
9284,Gaze@MOT,invisible
9284,Laughter@CHI,L
9284,Arousal@CHI,middle
9284,ReactionReason@CHI,Prank
9285,Gaze@CHI,floor
9285,Facial@MOT,invisible
9285,Gaze@MOT,invisible
9285,Laughter@CHI,L
9285,Arousal@CHI,middle
9285,ReactionReason@CHI,Prank
9286,Gaze@CHI,floor
9286,Facial@MOT,invisible
9286,Gaze@MOT,invisible
9286,Laughter@CHI,L
9286,Arousal@CHI,middle
9286,ReactionReason@CHI,Prank
9287,Gaze@CHI,floor
9287,Facial@MOT,invisible
9287,Gaze@MOT,invisible
9287,Laughter@CHI,L
9287,Arousal@CHI,middle
9287,ReactionReason@CHI,Prank
9288,Gaze@CHI,floor
9288,Facial@MOT,smile showing teeth
9288,Gaze@MOT,invisible
9288,Laughter@CHI,L
9288,Arousal@CHI,middle
9288,ReactionReason@CHI,Prank
9289,Gaze@CHI,floor
9289,Facial@MOT,smile showing teeth
9289,Gaze@MOT,invisible
9289,Laughter@CHI,L
9289,Arousal@CHI,middle
9289,ReactionReason@CHI,Prank
9290,Gaze@CHI,floor
9290,Facial@MOT,smile showing teeth
9290,Gaze@MOT,invisible
9290,Laughter@CHI,L
9290,Arousal@CHI,middle
9290,ReactionReason@CHI,Prank
9291,Gaze@CHI,mom
9291,Facial@MOT,smile showing teeth
9291,Gaze@MOT,child
9291,Laughter@CHI,L
9291,Arousal@CHI,middle
9291,ReactionReason@CHI,Prank
9292,Gaze@CHI,mom
9292,Facial@MOT,smile showing teeth
9292,Gaze@MOT,child
9292,Laughter@CHI,L
9292,Arousal@CHI,middle
9292,ReactionReason@CHI,Prank
9293,Gaze@CHI,mom
9293,Facial@MOT,smile showing teeth
9293,Gaze@MOT,child
9293,Laughter@CHI,L
9293,Arousal@CHI,middle
9293,ReactionReason@CHI,Prank
9294,Gaze@CHI,mom
9294,Facial@MOT,smile showing teeth
9294,Gaze@MOT,child
9295,Gaze@CHI,mom
9295,Facial@MOT,smile showing teeth
9295,Gaze@MOT,child
9295,Laughter@CHI,L
9295,Laughable@MOT,baby's exciting laugh
9295,Arousal@CHI,high
9295,ReactionReason@CHI,Prank
9296,Gaze@CHI,mom
9296,Facial@MOT,smile showing teeth
9296,Gaze@MOT,child
9296,Laughter@CHI,L
9296,Laughable@MOT,baby's exciting laugh
9296,Arousal@CHI,high
9296,ReactionReason@CHI,Prank
9297,Gaze@CHI,mom
9297,Facial@MOT,smile showing teeth
9297,Gaze@MOT,child
9297,Laughter@CHI,L
9297,Laughable@MOT,baby's exciting laugh
9297,Arousal@CHI,high
9297,ReactionReason@CHI,Prank
9298,Gaze@CHI,mom
9298,Facial@MOT,smile showing teeth
9298,Gaze@MOT,child
9298,Action@MOT,taking the ball with mouth
9298,Laughter@CHI,L
9298,Laughable@MOT,baby's exciting laugh
9298,Arousal@CHI,high
9298,ReactionReason@CHI,Prank
9299,Gaze@CHI,mom
9299,Facial@MOT,smile showing teeth
9299,Gaze@MOT,child
9299,Action@MOT,taking the ball with mouth
9299,Laughter@CHI,L
9299,Laughable@MOT,baby's exciting laugh
9299,Arousal@CHI,high
9299,ReactionReason@CHI,Prank
9300,Gaze@CHI,mom
9300,Facial@MOT,smile showing teeth
9300,Gaze@MOT,child
9300,Action@MOT,taking the ball with mouth
9300,Laughter@CHI,L
9300,Laughable@MOT,baby's exciting laugh
9300,Arousal@CHI,high
9300,ReactionReason@CHI,Prank
9301,Gaze@CHI,mom
9301,Facial@MOT,smile showing teeth
9301,Gaze@MOT,child
9301,Action@CHI,putting the ball in mom’s mouth
9301,Action@MOT,taking the ball with mouth
9301,Laughter@CHI,L
9301,Laughable@MOT,baby's exciting laugh
9301,Arousal@CHI,high
9301,ReactionReason@CHI,Prank
9302,Gaze@CHI,mom
9302,Facial@MOT,smile showing teeth
9302,Gaze@MOT,into the distance
9302,Action@CHI,putting the ball in mom’s mouth
9302,Action@MOT,taking the ball with mouth
9302,Laughter@CHI,L
9302,Laughable@MOT,baby's exciting laugh
9302,Arousal@CHI,high
9302,ReactionReason@CHI,Prank
9303,Gaze@CHI,mom
9303,Facial@MOT,neutral
9303,Gaze@MOT,into the distance
9303,Action@CHI,putting the ball in mom’s mouth
9303,Action@MOT,taking the ball with mouth
9303,Laughter@CHI,L
9303,Laughable@MOT,baby's exciting laugh
9303,Arousal@CHI,high
9303,ReactionReason@CHI,Prank
9304,Gaze@CHI,mom
9304,Facial@MOT,neutral
9304,Gaze@MOT,into the distance
9304,Action@CHI,putting the ball in mom’s mouth
9304,Action@MOT,taking the ball with mouth
9304,Laughter@CHI,L
9304,Laughable@MOT,baby's exciting laugh
9304,Arousal@CHI,high
9304,ReactionReason@CHI,Prank
9305,Gaze@CHI,mom
9305,Facial@MOT,neutral
9305,Gaze@MOT,into the distance
9305,Action@CHI,putting the ball in mom’s mouth
9305,Action@MOT,taking the ball with mouth
9305,Laughter@CHI,L
9305,Laughable@MOT,baby's exciting laugh
9305,Arousal@CHI,high
9305,ReactionReason@CHI,Prank
9306,Gaze@CHI,mom
9306,Facial@MOT,neutral
9306,Gaze@MOT,into the distance
9306,Action@CHI,putting the ball in mom’s mouth
9306,Action@MOT,taking the ball with mouth
9306,Laughter@CHI,L
9306,Laughable@MOT,baby's exciting laugh
9306,Arousal@CHI,high
9306,ReactionReason@CHI,Prank
9307,Gaze@CHI,mom
9307,Facial@MOT,neutral
9307,Gaze@MOT,into the distance
9307,Action@CHI,putting the ball in mom’s mouth
9307,Action@MOT,taking the ball with mouth
9307,Laughter@CHI,L
9307,Laughable@MOT,baby's exciting laugh
9307,Arousal@CHI,high
9307,ReactionReason@CHI,Prank
9308,Gaze@CHI,mom
9308,Facial@MOT,neutral
9308,Gaze@MOT,into the distance
9308,Action@CHI,putting the ball in mom’s mouth
9308,Action@MOT,taking the ball with mouth
9308,Laughter@CHI,L
9308,Laughable@MOT,baby's exciting laugh
9308,Arousal@CHI,high
9308,ReactionReason@CHI,Prank
9309,Gaze@CHI,mom
9309,Facial@MOT,neutral
9309,Gaze@MOT,into the distance
9309,Action@CHI,putting the ball in mom’s mouth
9309,Action@MOT,taking the ball with mouth
9309,Laughter@CHI,L
9309,Laughable@MOT,baby's exciting laugh
9309,Arousal@CHI,high
9309,ReactionReason@CHI,Prank
9310,Gaze@CHI,mom
9310,Facial@MOT,neutral
9310,Gaze@MOT,into the distance
9310,Action@CHI,putting the ball in mom’s mouth
9310,Action@MOT,taking the ball with mouth
9310,Laughter@CHI,L
9310,Laughable@MOT,baby's exciting laugh
9310,Arousal@CHI,high
9310,ReactionReason@CHI,Prank
9311,Gaze@CHI,mom
9311,Facial@MOT,neutral
9311,Gaze@MOT,into the distance
9311,Action@CHI,putting the ball in mom’s mouth
9311,Action@MOT,taking the ball with mouth
9311,Laughter@CHI,L
9311,Laughable@MOT,baby's exciting laugh
9311,Arousal@CHI,high
9311,ReactionReason@CHI,Prank
9312,Gaze@CHI,mom
9312,Facial@MOT,neutral
9312,Gaze@MOT,into the distance
9312,Action@CHI,putting the ball in mom’s mouth
9312,Action@MOT,taking the ball with mouth
9312,Laughter@CHI,L
9312,Laughable@MOT,baby's exciting laugh
9312,Arousal@CHI,high
9312,ReactionReason@CHI,Prank
9313,Gaze@CHI,mom
9313,Facial@MOT,neutral
9313,Gaze@MOT,into the distance
9313,Action@CHI,putting the ball in mom’s mouth
9313,Action@MOT,taking the ball with mouth
9313,Laughter@CHI,L
9313,Laughable@MOT,baby's exciting laugh
9313,Arousal@CHI,high
9313,ReactionReason@CHI,Prank
9314,Gaze@CHI,mom
9314,Facial@MOT,neutral
9314,Gaze@MOT,into the distance
9314,Action@CHI,putting the ball in mom’s mouth
9314,Action@MOT,taking the ball with mouth
9314,Laughter@CHI,L
9314,Laughable@MOT,baby's exciting laugh
9314,Arousal@CHI,high
9314,ReactionReason@CHI,Prank
9315,Gaze@CHI,mom
9315,Facial@MOT,neutral
9315,Gaze@MOT,into the distance
9315,Action@CHI,putting the ball in mom’s mouth
9315,Action@MOT,taking the ball with mouth
9315,Laughter@CHI,L
9315,Laughable@MOT,baby's exciting laugh
9315,Arousal@CHI,high
9315,ReactionReason@CHI,Prank
9316,Gaze@CHI,mom
9316,Facial@MOT,neutral
9316,Gaze@MOT,into the distance
9316,Action@CHI,putting the ball in mom’s mouth
9316,Action@MOT,taking the ball with mouth
9316,Laughter@CHI,L
9316,Laughable@MOT,baby's exciting laugh
9316,Arousal@CHI,high
9316,ReactionReason@CHI,Prank
9317,Gaze@CHI,mom
9317,Facial@MOT,neutral
9317,Gaze@MOT,into the distance
9317,Action@CHI,putting the ball in mom’s mouth
9317,Action@MOT,taking the ball with mouth
9317,Laughter@CHI,L
9317,Laughable@MOT,baby's exciting laugh
9317,Arousal@CHI,high
9317,ReactionReason@CHI,Prank
9318,Gaze@CHI,mom
9318,Facial@MOT,neutral
9318,Gaze@MOT,into the distance
9318,Action@CHI,putting the ball in mom’s mouth
9318,Action@MOT,taking the ball with mouth
9318,Laughter@CHI,L
9318,Laughable@MOT,baby's exciting laugh
9318,Arousal@CHI,high
9318,ReactionReason@CHI,Prank
9319,Gaze@CHI,mom
9319,Facial@MOT,neutral
9319,Gaze@MOT,into the distance
9319,Action@CHI,putting the ball in mom’s mouth
9319,Action@MOT,taking the ball with mouth
9319,Laughter@CHI,L
9319,Laughable@MOT,baby's exciting laugh
9319,Arousal@CHI,high
9319,ReactionReason@CHI,Prank
9320,Gaze@CHI,mom
9320,Facial@MOT,neutral
9320,Gaze@MOT,into the distance
9320,Action@CHI,putting the ball in mom’s mouth
9320,Action@MOT,taking the ball with mouth
9320,Laughter@CHI,L
9320,Laughable@MOT,baby's exciting laugh
9320,Arousal@CHI,high
9320,ReactionReason@CHI,Prank
9321,Gaze@CHI,mom
9321,Facial@MOT,neutral
9321,Gaze@MOT,into the distance
9321,Action@CHI,putting the ball in mom’s mouth
9321,Action@MOT,taking the ball with mouth
9321,Laughter@CHI,L
9321,Laughable@MOT,baby's exciting laugh
9321,Arousal@CHI,high
9321,ReactionReason@CHI,Prank
9322,Gaze@CHI,mom
9322,Facial@MOT,neutral
9322,Gaze@MOT,into the distance
9322,Action@CHI,putting the ball in mom’s mouth
9322,Action@MOT,taking the ball with mouth
9322,Laughter@CHI,L
9322,Laughable@MOT,baby's exciting laugh
9322,Arousal@CHI,high
9322,ReactionReason@CHI,Prank
9323,Gaze@CHI,mom
9323,Facial@MOT,neutral
9323,Action@CHI,putting the ball in mom’s mouth
9323,Action@MOT,taking the ball with mouth
9323,Laughter@CHI,L
9323,Laughable@MOT,baby's exciting laugh
9323,Arousal@CHI,high
9323,ReactionReason@CHI,Prank
9324,Gaze@CHI,mom
9324,Facial@MOT,neutral
9324,Gaze@MOT,child
9324,Action@CHI,putting the ball in mom’s mouth
9324,Action@MOT,taking the ball with mouth
9324,Laughter@CHI,L
9324,Laughable@MOT,baby's exciting laugh
9324,Arousal@CHI,high
9324,ReactionReason@CHI,Prank
9325,Gaze@CHI,mom
9325,Facial@MOT,neutral
9325,Gaze@MOT,child
9325,Action@MOT,holding the ball in mouth
9325,Laughter@CHI,L
9325,Laughable@MOT,baby's exciting laugh
9325,Arousal@CHI,high
9325,ReactionReason@CHI,Prank
9326,Gaze@CHI,mom
9326,Facial@MOT,neutral
9326,Gaze@MOT,child
9326,Action@MOT,holding the ball in mouth
9326,Laughter@CHI,L
9326,Laughable@MOT,baby's exciting laugh
9326,Arousal@CHI,high
9326,ReactionReason@CHI,Prank
9327,Gaze@CHI,mom
9327,Facial@MOT,neutral
9327,Gaze@MOT,child
9327,Action@MOT,holding the ball in mouth
9327,Laughter@CHI,L
9327,Laughable@MOT,baby's exciting laugh
9327,Arousal@CHI,high
9327,ReactionReason@CHI,Prank
9328,Gaze@CHI,mom
9328,Facial@MOT,neutral
9328,Gaze@MOT,child
9328,Action@MOT,holding the ball in mouth
9328,Laughter@CHI,L
9328,Laughable@MOT,baby's exciting laugh
9328,Arousal@CHI,high
9328,ReactionReason@CHI,Prank
9329,Gaze@CHI,mom
9329,Facial@MOT,neutral
9329,Gaze@MOT,child
9329,Action@MOT,holding the ball in mouth
9329,Laughter@CHI,L
9329,Laughable@MOT,baby's exciting laugh
9329,Arousal@CHI,high
9329,ReactionReason@CHI,Prank
9330,Gaze@CHI,mom
9330,Facial@MOT,widely opened eyes
9330,Gaze@MOT,child
9330,Action@MOT,holding the ball in mouth
9330,Laughter@CHI,L
9330,Laughable@MOT,baby's exciting laugh
9330,Arousal@CHI,high
9330,ReactionReason@CHI,Prank
9331,Gaze@CHI,mom
9331,Facial@MOT,widely opened eyes
9331,Gaze@MOT,child
9331,Action@MOT,holding the ball in mouth
9331,Laughter@CHI,L
9331,Laughable@MOT,baby's exciting laugh
9331,Arousal@CHI,high
9331,ReactionReason@CHI,Prank
9332,Gaze@CHI,mom
9332,Facial@MOT,widely opened eyes
9332,Gaze@MOT,child
9332,Action@MOT,holding the ball in mouth
9332,Laughter@CHI,L
9332,Laughable@MOT,baby's exciting laugh
9332,Arousal@CHI,high
9332,ReactionReason@CHI,Prank
9333,Gaze@CHI,mom
9333,Facial@MOT,widely opened eyes
9333,Gaze@MOT,child
9333,Action@MOT,holding the ball in mouth
9333,Laughter@CHI,L
9333,Laughable@MOT,baby's exciting laugh
9333,Arousal@CHI,high
9333,ReactionReason@CHI,Prank
9334,Gaze@CHI,mom
9334,Facial@MOT,widely opened eyes
9334,Gaze@MOT,child
9334,Action@MOT,holding the ball in mouth
9334,Laughter@CHI,L
9334,Laughable@MOT,baby's exciting laugh
9334,Arousal@CHI,high
9334,ReactionReason@CHI,Prank
9335,Gaze@CHI,mom
9335,Facial@MOT,widely opened eyes
9335,Gaze@MOT,child
9335,Action@MOT,holding the ball in mouth
9335,Laughter@CHI,L
9335,Laughable@MOT,baby's exciting laugh
9335,Arousal@CHI,high
9335,ReactionReason@CHI,Prank
9336,Gaze@CHI,mom
9336,Facial@MOT,widely opened eyes
9336,Gaze@MOT,child
9336,Action@MOT,holding the ball in mouth
9336,Laughter@CHI,L
9336,Laughable@MOT,baby's exciting laugh
9336,Arousal@CHI,high
9336,ReactionReason@CHI,Prank
9337,Gaze@CHI,mom
9337,Facial@MOT,widely opened eyes
9337,Gaze@MOT,child
9337,Action@MOT,holding the ball in mouth
9337,Laughter@CHI,L
9337,Laughable@MOT,baby's exciting laugh
9337,Arousal@CHI,high
9337,ReactionReason@CHI,Prank
9338,Gaze@CHI,mom
9338,Facial@MOT,widely opened eyes
9338,Gaze@MOT,child
9338,Action@MOT,holding the ball in mouth
9338,Laughter@CHI,L
9338,Laughable@MOT,baby's exciting laugh
9338,Arousal@CHI,high
9338,ReactionReason@CHI,Prank
9339,Gaze@CHI,mom
9339,Facial@MOT,widely opened eyes
9339,Gaze@MOT,child
9339,Action@MOT,holding the ball in mouth
9339,Laughter@CHI,L
9339,Laughable@MOT,baby's exciting laugh
9339,Arousal@CHI,high
9339,ReactionReason@CHI,Prank
9340,Gaze@CHI,mom
9340,Facial@MOT,widely opened eyes
9340,Gaze@MOT,child
9340,Action@MOT,holding the ball in mouth
9340,Laughter@CHI,L
9340,Laughable@MOT,baby's exciting laugh
9340,Arousal@CHI,high
9340,ReactionReason@CHI,Prank
9341,Gaze@CHI,mom
9341,Facial@MOT,widely opened eyes
9341,Gaze@MOT,child
9341,Action@MOT,holding the ball in mouth
9341,Laughter@CHI,L
9341,Laughable@CHI,mom spits the ball out of the mouth
9341,Laughable@MOT,baby's exciting laugh
9341,Arousal@CHI,high
9341,ReactionReason@CHI,Prank
9342,Gaze@CHI,mom
9342,Facial@MOT,widely opened eyes
9342,Gaze@MOT,child
9342,Action@MOT,holding the ball in mouth
9342,Laughter@CHI,L
9342,Laughable@CHI,mom spits the ball out of the mouth
9342,Laughable@MOT,baby's exciting laugh
9342,Arousal@CHI,high
9342,ReactionReason@CHI,Prank
9343,Gaze@CHI,mom
9343,Facial@MOT,widely opened eyes
9343,Gaze@MOT,child
9343,Action@MOT,spitting out the ball
9343,Laughter@CHI,L
9343,Laughable@CHI,mom spits the ball out of the mouth
9343,Laughable@MOT,baby's exciting laugh
9343,Arousal@CHI,high
9343,ReactionReason@CHI,Prank
9344,Gaze@CHI,mom
9344,Facial@MOT,widely opened eyes
9344,Gaze@MOT,child
9344,Action@MOT,spitting out the ball
9344,Laughter@CHI,L
9344,Laughable@MOT,baby's exciting laugh
9344,Laughter@MOT,L
9344,Arousal@CHI,high
9344,ReactionReason@CHI,Prank
9345,Gaze@CHI,mom
9345,Facial@MOT,widely opened eyes
9345,Gaze@MOT,child
9345,Action@MOT,spitting out the ball
9345,Laughter@CHI,L
9345,Laughable@MOT,baby's exciting laugh
9345,Laughter@MOT,L
9345,Arousal@CHI,high
9345,ReactionReason@CHI,Prank
9346,Gaze@CHI,mom
9346,Facial@MOT,smile showing teeth
9346,Gaze@MOT,child
9346,Laughter@CHI,L
9346,Laughable@MOT,baby's exciting laugh
9346,Laughter@MOT,L
9346,Arousal@CHI,high
9346,ReactionReason@CHI,Prank
9347,Gaze@CHI,mom
9347,Facial@MOT,smile showing teeth
9347,Gaze@MOT,child
9347,Laughter@CHI,L
9347,Laughable@MOT,baby's exciting laugh
9347,Laughter@MOT,L
9347,Arousal@CHI,high
9347,ReactionReason@CHI,Prank
9348,Gaze@CHI,mom
9348,Facial@MOT,smile showing teeth
9348,Gaze@MOT,child
9348,Laughter@CHI,L
9348,Laughable@MOT,baby's exciting laugh
9348,Laughter@MOT,L
9348,Arousal@CHI,high
9348,ReactionReason@CHI,Prank
9349,Gaze@CHI,mom
9349,Facial@MOT,smile showing teeth
9349,Gaze@MOT,child
9349,Laughter@CHI,L
9349,Laughable@MOT,baby's exciting laugh
9349,Laughter@MOT,L
9349,Arousal@CHI,high
9349,ReactionReason@CHI,Prank
9350,Gaze@CHI,mom
9350,Facial@MOT,smile showing teeth
9350,Gaze@MOT,child
9350,Laughter@CHI,L
9350,Laughable@MOT,baby's exciting laugh
9350,Laughter@MOT,L
9350,Arousal@CHI,high
9350,ReactionReason@CHI,Prank
9351,Gaze@CHI,mom
9351,Facial@MOT,smile showing teeth
9351,Gaze@MOT,child
9351,Laughter@CHI,L
9351,Laughable@MOT,baby's exciting laugh
9351,Laughter@MOT,L
9351,Arousal@CHI,high
9351,ReactionReason@CHI,Prank
9352,Gaze@CHI,mom
9352,Facial@MOT,smile showing teeth
9352,Gaze@MOT,child
9352,Laughter@CHI,L
9352,Laughable@MOT,baby's exciting laugh
9352,Laughter@MOT,L
9352,Arousal@CHI,high
9352,ReactionReason@CHI,Prank
9353,Gaze@CHI,mom
9353,Facial@MOT,smile showing teeth
9353,Gaze@MOT,child
9353,Laughter@CHI,L
9353,Laughable@MOT,baby's exciting laugh
9353,Laughter@MOT,L
9353,Arousal@CHI,high
9353,ReactionReason@CHI,Prank
9354,Gaze@CHI,mom
9354,Facial@MOT,smile showing teeth
9354,Gaze@MOT,child
9354,Laughter@CHI,L
9354,Laughable@MOT,baby's exciting laugh
9354,Laughter@MOT,L
9354,Arousal@CHI,high
9354,ReactionReason@CHI,Prank
9355,Gaze@CHI,mom
9355,Facial@MOT,smile showing teeth
9355,Gaze@MOT,child
9355,Laughter@CHI,L
9355,Laughable@MOT,baby's exciting laugh
9355,Laughter@MOT,L
9355,Arousal@CHI,high
9355,ReactionReason@CHI,Prank
9356,Gaze@CHI,mom
9356,Facial@MOT,smile showing teeth
9356,Gaze@MOT,child
9356,Laughter@CHI,L
9356,Laughable@MOT,baby's exciting laugh
9356,Laughter@MOT,L
9356,Arousal@CHI,high
9356,ReactionReason@CHI,Prank
9357,Gaze@CHI,mom
9357,Facial@MOT,smile showing teeth
9357,Gaze@MOT,child
9357,Laughter@CHI,L
9357,Laughable@MOT,baby's exciting laugh
9357,Laughter@MOT,L
9357,Arousal@CHI,high
9357,ReactionReason@CHI,Prank
9358,Gaze@CHI,mom
9358,Facial@MOT,smile showing teeth
9358,Gaze@MOT,child
9358,Laughter@CHI,L
9358,Laughable@MOT,baby's exciting laugh
9358,Arousal@CHI,high
9358,ReactionReason@CHI,Prank
9359,Gaze@CHI,mom
9359,Facial@MOT,smile showing teeth
9359,Gaze@MOT,child
9359,Laughter@CHI,L
9359,Laughable@MOT,baby's exciting laugh
9359,Arousal@CHI,high
9359,ReactionReason@CHI,Prank
9360,Gaze@CHI,mom
9360,Facial@MOT,smile showing teeth
9360,Gaze@MOT,child
9360,Laughter@CHI,L
9360,Laughable@MOT,baby's exciting laugh
9360,Arousal@CHI,high
9360,ReactionReason@CHI,Prank
9361,Gaze@CHI,mom
9361,Facial@MOT,smile showing teeth
9361,Gaze@MOT,invisible
9361,Laughter@CHI,L
9361,Laughable@MOT,baby's exciting laugh
9361,Arousal@CHI,high
9361,ReactionReason@CHI,Prank
9362,Gaze@CHI,mom
9362,Facial@MOT,smile showing teeth
9362,Gaze@MOT,invisible
9362,Laughter@CHI,L
9362,Laughable@MOT,baby's exciting laugh
9362,Arousal@CHI,high
9362,ReactionReason@CHI,Prank
9363,Gaze@CHI,mom
9363,Facial@MOT,invisible
9363,Gaze@MOT,invisible
9363,Laughter@CHI,L
9363,Laughable@MOT,baby's exciting laugh
9363,Arousal@CHI,high
9363,ReactionReason@CHI,Prank
9364,Gaze@CHI,mom
9364,Facial@MOT,invisible
9364,Gaze@MOT,invisible
9364,Laughter@CHI,L
9364,Laughable@MOT,baby's exciting laugh
9364,Arousal@CHI,high
9364,ReactionReason@CHI,Prank
9365,Gaze@CHI,mom's legs
9365,Facial@MOT,invisible
9365,Gaze@MOT,invisible
9365,Laughter@CHI,L
9365,Laughable@MOT,baby's exciting laugh
9365,Arousal@CHI,high
9365,ReactionReason@CHI,Prank
9366,Gaze@CHI,mom's legs
9366,Facial@MOT,invisible
9366,Gaze@MOT,invisible
9366,Laughter@CHI,L
9366,Laughable@MOT,baby's exciting laugh
9366,Arousal@CHI,high
9366,ReactionReason@CHI,Prank
9367,Gaze@CHI,mom's legs
9367,Facial@MOT,invisible
9367,Gaze@MOT,invisible
9367,Laughter@CHI,L
9367,Laughable@MOT,baby's exciting laugh
9367,Arousal@CHI,high
9367,ReactionReason@CHI,Prank
9368,Gaze@CHI,mom's legs
9368,Facial@MOT,invisible
9368,Gaze@MOT,invisible
9368,Laughter@CHI,L
9368,Laughable@MOT,baby's exciting laugh
9368,Arousal@CHI,high
9368,ReactionReason@CHI,Prank
9369,Gaze@CHI,mom's legs
9369,Facial@MOT,invisible
9369,Gaze@MOT,invisible
9369,Laughter@CHI,L
9369,Laughable@MOT,baby's exciting laugh
9369,Arousal@CHI,high
9369,ReactionReason@CHI,Prank
9370,Gaze@CHI,mom's legs
9370,Facial@MOT,invisible
9370,Gaze@MOT,invisible
9370,Laughter@CHI,L
9370,Laughable@MOT,baby's exciting laugh
9370,Arousal@CHI,high
9370,ReactionReason@CHI,Prank
9371,Gaze@CHI,mom's legs
9371,Facial@MOT,invisible
9371,Gaze@MOT,invisible
9371,Laughter@CHI,L
9371,Laughable@MOT,baby's exciting laugh
9371,Arousal@CHI,high
9371,ReactionReason@CHI,Prank
9372,Gaze@CHI,mom's legs
9372,Facial@MOT,invisible
9372,Gaze@MOT,invisible
9372,Laughter@CHI,L
9372,Laughable@MOT,baby's exciting laugh
9372,Arousal@CHI,high
9372,ReactionReason@CHI,Prank
9373,Gaze@CHI,mom's legs
9373,Facial@MOT,invisible
9373,Gaze@MOT,invisible
9373,Laughter@CHI,L
9373,Laughable@MOT,baby's exciting laugh
9373,Arousal@CHI,high
9373,ReactionReason@CHI,Prank
9374,Gaze@CHI,mom's legs
9374,Facial@MOT,invisible
9374,Gaze@MOT,invisible
9374,Laughter@CHI,L
9374,Laughable@MOT,baby's exciting laugh
9374,Arousal@CHI,high
9374,ReactionReason@CHI,Prank
9375,Gaze@CHI,mom's legs
9375,Facial@MOT,invisible
9375,Gaze@MOT,invisible
9375,Laughter@CHI,L
9375,Laughable@MOT,baby's exciting laugh
9375,Arousal@CHI,high
9375,ReactionReason@CHI,Prank
9376,Gaze@CHI,mom's legs
9376,Facial@MOT,invisible
9376,Gaze@MOT,invisible
9376,Laughter@CHI,L
9376,Laughable@MOT,baby's exciting laugh
9376,Arousal@CHI,high
9376,ReactionReason@CHI,Prank
9377,Gaze@CHI,floor
9377,Facial@MOT,invisible
9377,Gaze@MOT,invisible
9377,Laughter@CHI,L
9377,Laughable@MOT,baby's exciting laugh
9377,Arousal@CHI,high
9377,ReactionReason@CHI,Prank
9378,Gaze@CHI,floor
9378,Facial@MOT,invisible
9378,Gaze@MOT,invisible
9378,Laughter@CHI,L
9378,Laughable@MOT,baby's exciting laugh
9378,Arousal@CHI,high
9378,ReactionReason@CHI,Prank
9379,Gaze@CHI,floor
9379,Facial@MOT,invisible
9379,Gaze@MOT,invisible
9379,Laughter@CHI,L
9379,Laughable@MOT,baby's exciting laugh
9379,Arousal@CHI,high
9379,ReactionReason@CHI,Prank
9380,Gaze@CHI,floor
9380,Facial@MOT,invisible
9380,Gaze@MOT,invisible
9380,Laughter@CHI,L
9380,Laughable@MOT,baby's exciting laugh
9380,Arousal@CHI,high
9380,ReactionReason@CHI,Prank
9381,Gaze@CHI,floor
9381,Facial@MOT,invisible
9381,Gaze@MOT,invisible
9381,Laughter@CHI,L
9381,Laughable@MOT,baby's exciting laugh
9381,Arousal@CHI,high
9381,ReactionReason@CHI,Prank
9382,Gaze@CHI,floor
9382,Facial@MOT,invisible
9382,Gaze@MOT,invisible
9382,Laughter@CHI,L
9382,Laughable@MOT,baby's exciting laugh
9382,Arousal@CHI,high
9382,ReactionReason@CHI,Prank
9383,Gaze@CHI,floor
9383,Facial@MOT,invisible
9383,Gaze@MOT,invisible
9383,Laughter@CHI,L
9383,Laughable@MOT,baby's exciting laugh
9383,Arousal@CHI,high
9383,ReactionReason@CHI,Prank
9384,Gaze@CHI,floor
9384,Facial@MOT,invisible
9384,Gaze@MOT,invisible
9384,Laughter@CHI,L
9384,Laughable@MOT,baby's exciting laugh
9384,Arousal@CHI,high
9384,ReactionReason@CHI,Prank
9385,Gaze@CHI,floor
9385,Facial@MOT,invisible
9385,Gaze@MOT,invisible
9385,Action@CHI,looking for the ball
9385,Laughter@CHI,L
9385,Laughable@MOT,baby's exciting laugh
9385,Arousal@CHI,high
9385,ReactionReason@CHI,Prank
9386,Gaze@CHI,floor
9386,Facial@MOT,invisible
9386,Gaze@MOT,invisible
9386,Action@CHI,looking for the ball
9386,Laughter@CHI,L
9386,Laughable@MOT,baby's exciting laugh
9386,Arousal@CHI,high
9386,ReactionReason@CHI,Prank
9387,Gaze@CHI,floor
9387,Facial@MOT,invisible
9387,Gaze@MOT,invisible
9387,Action@CHI,looking for the ball
9387,Laughter@CHI,L
9387,Laughable@MOT,baby's exciting laugh
9387,Arousal@CHI,high
9387,ReactionReason@CHI,Prank
9388,Gaze@CHI,floor
9388,Facial@MOT,invisible
9388,Utterance@CHI,khem
9388,Prosody@CHI,falling
9388,Gaze@MOT,invisible
9388,Action@CHI,looking for the ball
9388,Laughter@CHI,L
9388,Laughable@MOT,baby's exciting laugh
9388,Arousal@CHI,high
9388,ReactionReason@CHI,Prank
9389,Gaze@CHI,floor
9389,Facial@MOT,invisible
9389,Utterance@CHI,khem
9389,Prosody@CHI,falling
9389,Gaze@MOT,invisible
9389,Action@CHI,looking for the ball
9390,Gaze@CHI,floor
9390,Facial@MOT,invisible
9390,Utterance@CHI,khem
9390,Prosody@CHI,falling
9390,Gaze@MOT,invisible
9390,Action@CHI,looking for the ball
9391,Gaze@CHI,floor
9391,Facial@MOT,invisible
9391,Utterance@CHI,khem
9391,Utterance@MOT,I hope this is not the laugh before the cry.
9391,Prosody@CHI,falling
9391,Prosody@MOT,flat
9391,Gaze@MOT,invisible
9391,Action@CHI,looking for the ball
9392,Gaze@CHI,floor
9392,Facial@MOT,invisible
9392,Utterance@CHI,khem
9392,Utterance@MOT,I hope this is not the laugh before the cry.
9392,Prosody@CHI,falling
9392,Prosody@MOT,flat
9392,Gaze@MOT,invisible
9392,Action@CHI,looking for the ball
9393,Gaze@CHI,floor
9393,Facial@MOT,invisible
9393,Utterance@MOT,I hope this is not the laugh before the cry.
9393,Prosody@MOT,flat
9393,Gaze@MOT,invisible
9393,Action@CHI,looking for the ball
9394,Gaze@CHI,floor
9394,Facial@MOT,invisible
9394,Utterance@MOT,I hope this is not the laugh before the cry.
9394,Prosody@MOT,flat
9394,Gaze@MOT,invisible
9394,Action@CHI,looking for the ball
9395,Gaze@CHI,floor
9395,Facial@MOT,invisible
9395,Utterance@MOT,I hope this is not the laugh before the cry.
9395,Prosody@MOT,flat
9395,Gaze@MOT,invisible
9395,Action@CHI,looking for the ball
9396,Gaze@CHI,floor
9396,Facial@MOT,invisible
9396,Utterance@MOT,I hope this is not the laugh before the cry.
9396,Prosody@MOT,flat
9396,Gaze@MOT,invisible
9396,Action@CHI,looking for the ball
9397,Gaze@CHI,floor
9397,Facial@MOT,invisible
9397,Utterance@MOT,I hope this is not the laugh before the cry.
9397,Prosody@MOT,flat
9397,Gaze@MOT,invisible
9397,Action@CHI,looking for the ball
9398,Gaze@CHI,floor
9398,Facial@MOT,invisible
9398,Utterance@MOT,I hope this is not the laugh before the cry.
9398,Prosody@MOT,flat
9398,Gaze@MOT,invisible
9398,Action@CHI,looking for the ball
9399,Gaze@CHI,floor
9399,Facial@MOT,invisible
9399,Utterance@MOT,I hope this is not the laugh before the cry.
9399,Prosody@MOT,flat
9399,Gaze@MOT,invisible
9399,Action@CHI,looking for the ball
9400,Gaze@CHI,floor
9400,Facial@MOT,invisible
9400,Utterance@MOT,I hope this is not the laugh before the cry.
9400,Prosody@MOT,flat
9400,Gaze@MOT,invisible
9400,Action@CHI,looking for the ball
9401,Gaze@CHI,floor
9401,Facial@MOT,invisible
9401,Utterance@MOT,I hope this is not the laugh before the cry.
9401,Prosody@MOT,flat
9401,Gaze@MOT,invisible
9401,Action@CHI,looking for the ball
9402,Gaze@CHI,floor
9402,Facial@MOT,invisible
9402,Utterance@MOT,I hope this is not the laugh before the cry.
9402,Prosody@MOT,flat
9402,Gaze@MOT,invisible
9402,Action@CHI,looking for the ball
9403,Gaze@CHI,floor
9403,Facial@MOT,invisible
9403,Utterance@MOT,I hope this is not the laugh before the cry.
9403,Prosody@MOT,flat
9403,Gaze@MOT,invisible
9403,Action@CHI,looking for the ball
9404,Gaze@CHI,floor
9404,Facial@MOT,invisible
9404,Utterance@MOT,I hope this is not the laugh before the cry.
9404,Prosody@MOT,flat
9404,Gaze@MOT,invisible
9404,Action@CHI,looking for the ball
9405,Gaze@CHI,floor
9405,Facial@MOT,invisible
9405,Utterance@MOT,I hope this is not the laugh before the cry.
9405,Prosody@MOT,flat
9405,Gaze@MOT,invisible
9405,Action@CHI,looking for the ball
9406,Gaze@CHI,floor
9406,Facial@MOT,invisible
9406,Utterance@MOT,I hope this is not the laugh before the cry.
9406,Prosody@MOT,flat
9406,Gaze@MOT,invisible
9406,Action@CHI,looking for the ball
9407,Gaze@CHI,floor
9407,Facial@MOT,invisible
9407,Utterance@MOT,I hope this is not the laugh before the cry.
9407,Prosody@MOT,flat
9407,Gaze@MOT,invisible
9407,Action@CHI,looking for the ball
9408,Gaze@CHI,floor
9408,Facial@MOT,invisible
9408,Utterance@MOT,I hope this is not the laugh before the cry.
9408,Prosody@MOT,flat
9408,Gaze@MOT,invisible
9408,Action@CHI,looking for the ball
9409,Gaze@CHI,floor
9409,Facial@MOT,invisible
9409,Utterance@MOT,I hope this is not the laugh before the cry.
9409,Prosody@MOT,flat
9409,Gaze@MOT,invisible
9409,Action@CHI,looking for the ball
9410,Gaze@CHI,floor
9410,Facial@MOT,invisible
9410,Utterance@MOT,I hope this is not the laugh before the cry.
9410,Prosody@MOT,flat
9410,Gaze@MOT,invisible
9410,Action@CHI,looking for the ball
9411,Gaze@CHI,floor
9411,Facial@MOT,invisible
9411,Utterance@MOT,I hope this is not the laugh before the cry.
9411,Prosody@MOT,flat
9411,Gaze@MOT,invisible
9411,Action@CHI,looking for the ball
9411,Laughter@MOT,L
9412,Gaze@CHI,floor
9412,Facial@MOT,invisible
9412,Utterance@MOT,I hope this is not the laugh before the cry.
9412,Prosody@MOT,flat
9412,Gaze@MOT,invisible
9412,Action@CHI,looking for the ball
9412,Laughter@MOT,L
9413,Gaze@CHI,floor
9413,Facial@MOT,invisible
9413,Gaze@MOT,invisible
9413,Action@CHI,looking for the ball
9413,Laughter@MOT,L
9414,Gaze@CHI,floor
9414,Facial@MOT,invisible
9414,Gaze@MOT,invisible
9414,Action@CHI,looking for the ball
9414,Laughter@MOT,L
9415,Gaze@CHI,floor
9415,Facial@MOT,invisible
9415,Gaze@MOT,invisible
9415,Action@CHI,looking for the ball
9415,Laughter@MOT,L
9416,Gaze@CHI,floor
9416,Gaze@MOT,invisible
9416,Action@CHI,looking for the ball
9416,Laughter@MOT,L
9417,Gaze@CHI,floor
9417,Gaze@MOT,invisible
9417,Action@CHI,looking for the ball
9417,Laughter@MOT,L
9418,Gaze@CHI,floor
9418,Gaze@MOT,invisible
9418,Action@CHI,looking for the ball
9418,Laughter@MOT,L
9419,Gaze@CHI,floor
9419,Gaze@MOT,invisible
9419,Action@CHI,looking for the ball
9419,Laughter@MOT,L
9420,Gaze@CHI,floor
9420,Gaze@MOT,invisible
9420,Action@CHI,looking for the ball
9420,Laughter@MOT,L
9421,Gaze@CHI,floor
9421,Gaze@MOT,invisible
9421,Action@CHI,looking for the ball
9421,Laughable@MOT,Dad also thinks baby's laughter sounds like crying
9422,Gaze@CHI,floor
9422,Gaze@MOT,invisible
9422,Action@CHI,looking for the ball
9422,Laughable@MOT,Dad also thinks baby's laughter sounds like crying
9423,Gaze@CHI,floor
9423,Gaze@MOT,invisible
9423,Action@CHI,looking for the ball
9423,Laughable@MOT,Dad also thinks baby's laughter sounds like crying
9424,Gaze@CHI,floor
9424,Gaze@MOT,invisible
9424,Action@CHI,looking for the ball
9424,Laughable@MOT,Dad also thinks baby's laughter sounds like crying
9425,Gaze@CHI,floor
9425,Gaze@MOT,invisible
9425,Action@CHI,looking for the ball
9425,Laughable@MOT,Dad also thinks baby's laughter sounds like crying
9426,Gaze@CHI,floor
9426,Gaze@MOT,invisible
9426,Action@CHI,looking for the ball
9426,Laughable@MOT,Dad also thinks baby's laughter sounds like crying
9427,Gaze@CHI,floor
9427,Gaze@MOT,invisible
9427,Action@CHI,looking for the ball
9427,Laughable@MOT,Dad also thinks baby's laughter sounds like crying
9428,Gaze@CHI,floor
9428,Gaze@MOT,invisible
9428,Action@CHI,looking for the ball
9428,Laughable@MOT,Dad also thinks baby's laughter sounds like crying
9429,Gaze@CHI,floor
9429,Gaze@MOT,invisible
9429,Action@CHI,looking for the ball
9429,Laughable@MOT,Dad also thinks baby's laughter sounds like crying
9430,Gaze@CHI,floor
9430,Gaze@MOT,invisible
9430,Action@CHI,looking for the ball
9430,Laughable@MOT,Dad also thinks baby's laughter sounds like crying
9431,Gaze@CHI,floor
9431,Utterance@MOT,She’s laughing so hard that she literally can’t even stay seated.
9431,Prosody@MOT,falling
9431,Gaze@MOT,invisible
9431,Action@CHI,looking for the ball
9431,Laughter@MOT,SL
9432,Gaze@CHI,floor
9432,Utterance@MOT,She’s laughing so hard that she literally can’t even stay seated.
9432,Prosody@MOT,falling
9432,Gaze@MOT,invisible
9432,Action@CHI,looking for the ball
9432,Laughter@MOT,SL
9433,Gaze@CHI,floor
9433,Utterance@MOT,She’s laughing so hard that she literally can’t even stay seated.
9433,Prosody@MOT,falling
9433,Gaze@MOT,invisible
9433,Action@CHI,looking for the ball
9433,Laughter@MOT,SL
9434,Gaze@CHI,floor
9434,Utterance@MOT,She’s laughing so hard that she literally can’t even stay seated.
9434,Prosody@MOT,falling
9434,Gaze@MOT,invisible
9434,Action@CHI,looking for the ball
9434,Laughter@MOT,SL
9435,Gaze@CHI,floor
9435,Utterance@MOT,She’s laughing so hard that she literally can’t even stay seated.
9435,Prosody@MOT,falling
9435,Gaze@MOT,invisible
9435,Action@CHI,looking for the ball
9435,Laughter@MOT,SL
9436,Gaze@CHI,floor
9436,Utterance@MOT,She’s laughing so hard that she literally can’t even stay seated.
9436,Prosody@MOT,falling
9436,Gaze@MOT,invisible
9436,Action@CHI,looking for the ball
9436,Laughter@MOT,SL
9437,Gaze@CHI,floor
9437,Utterance@MOT,She’s laughing so hard that she literally can’t even stay seated.
9437,Prosody@MOT,falling
9437,Gaze@MOT,invisible
9437,Action@CHI,looking for the ball
9437,Laughter@MOT,SL
9438,Gaze@CHI,floor
9438,Utterance@MOT,She’s laughing so hard that she literally can’t even stay seated.
9438,Prosody@MOT,falling
9438,Gaze@MOT,invisible
9438,Action@CHI,looking for the ball
9438,Laughter@MOT,SL
9439,Gaze@CHI,floor
9439,Utterance@MOT,She’s laughing so hard that she literally can’t even stay seated.
9439,Prosody@MOT,falling
9439,Gaze@MOT,invisible
9439,Action@CHI,looking for the ball
9439,Laughter@MOT,SL
9440,Gaze@CHI,floor
9440,Utterance@MOT,She’s laughing so hard that she literally can’t even stay seated.
9440,Prosody@MOT,falling
9440,Gaze@MOT,invisible
9440,Action@CHI,looking for the ball
9440,Laughter@MOT,SL
9441,Gaze@CHI,floor
9441,Utterance@MOT,She’s laughing so hard that she literally can’t even stay seated.
9441,Prosody@MOT,falling
9441,Gaze@MOT,invisible
9441,Action@CHI,looking for the ball
9441,Laughter@MOT,SL
9442,Gaze@CHI,floor
9442,Utterance@MOT,She’s laughing so hard that she literally can’t even stay seated.
9442,Prosody@MOT,falling
9442,Gaze@MOT,invisible
9442,Action@CHI,looking for the ball
9442,Laughter@MOT,SL
9443,Gaze@CHI,floor
9443,Utterance@MOT,She’s laughing so hard that she literally can’t even stay seated.
9443,Prosody@MOT,falling
9443,Gaze@MOT,invisible
9443,Action@CHI,looking for the ball
9443,Laughter@MOT,SL
9444,Gaze@CHI,floor
9444,Utterance@MOT,She’s laughing so hard that she literally can’t even stay seated.
9444,Prosody@MOT,falling
9444,Gaze@MOT,invisible
9444,Action@CHI,looking for the ball
9444,Laughter@MOT,SL
9445,Gaze@CHI,floor
9445,Utterance@MOT,She’s laughing so hard that she literally can’t even stay seated.
9445,Prosody@MOT,falling
9445,Gaze@MOT,invisible
9445,Action@CHI,looking for the ball
9445,Laughter@MOT,SL
9446,Gaze@CHI,floor
9446,Utterance@MOT,She’s laughing so hard that she literally can’t even stay seated.
9446,Prosody@MOT,falling
9446,Gaze@MOT,invisible
9446,Action@CHI,looking for the ball
9446,Laughter@MOT,SL
9447,Gaze@CHI,floor
9447,Utterance@MOT,She’s laughing so hard that she literally can’t even stay seated.
9447,Prosody@MOT,falling
9447,Gaze@MOT,invisible
9447,Action@CHI,looking for the ball
9447,Laughter@MOT,SL
9448,Gaze@CHI,floor
9448,Utterance@MOT,She’s laughing so hard that she literally can’t even stay seated.
9448,Prosody@MOT,falling
9448,Gaze@MOT,invisible
9448,Action@CHI,looking for the ball
9448,Laughter@MOT,SL
9449,Gaze@CHI,floor
9449,Utterance@MOT,She’s laughing so hard that she literally can’t even stay seated.
9449,Prosody@MOT,falling
9449,Gaze@MOT,invisible
9449,Action@CHI,looking for the ball
9449,Laughter@MOT,SL
9450,Gaze@CHI,floor
9450,Utterance@MOT,She’s laughing so hard that she literally can’t even stay seated.
9450,Prosody@MOT,falling
9450,Gaze@MOT,invisible
9450,Action@CHI,looking for the ball
9450,Laughter@MOT,SL
9451,Gaze@CHI,floor
9451,Utterance@MOT,She’s laughing so hard that she literally can’t even stay seated.
9451,Prosody@MOT,falling
9451,Gaze@MOT,invisible
9451,Action@CHI,looking for the ball
9451,Laughter@MOT,SL
9452,Gaze@CHI,floor
9452,Utterance@MOT,She’s laughing so hard that she literally can’t even stay seated.
9452,Prosody@MOT,falling
9452,Gaze@MOT,invisible
9452,Action@CHI,looking for the ball
9452,Laughter@MOT,SL
9453,Gaze@CHI,floor
9453,Utterance@MOT,She’s laughing so hard that she literally can’t even stay seated.
9453,Prosody@MOT,falling
9453,Gaze@MOT,invisible
9453,Action@CHI,looking for the ball
9453,Laughter@MOT,SL
9454,Gaze@CHI,floor
9454,Utterance@MOT,She’s laughing so hard that she literally can’t even stay seated.
9454,Prosody@MOT,falling
9454,Gaze@MOT,invisible
9454,Action@CHI,looking for the ball
9454,Laughter@MOT,SL
9455,Gaze@CHI,floor
9455,Utterance@MOT,She’s laughing so hard that she literally can’t even stay seated.
9455,Prosody@MOT,falling
9455,Gaze@MOT,invisible
9455,Action@CHI,looking for the ball
9455,Laughter@MOT,SL
9456,Gaze@CHI,floor
9456,Utterance@MOT,She’s laughing so hard that she literally can’t even stay seated.
9456,Prosody@MOT,falling
9456,Gaze@MOT,invisible
9456,Action@CHI,looking for the ball
9456,Laughter@MOT,SL
9457,Gaze@CHI,floor
9457,Utterance@MOT,She’s laughing so hard that she literally can’t even stay seated.
9457,Prosody@MOT,falling
9457,Gaze@MOT,invisible
9457,Action@CHI,looking for the ball
9457,Laughter@MOT,SL
9458,Gaze@CHI,floor
9458,Utterance@MOT,She’s laughing so hard that she literally can’t even stay seated.
9458,Prosody@MOT,falling
9458,Gaze@MOT,invisible
9458,Action@CHI,looking for the ball
9458,Laughter@MOT,SL
9459,Gaze@CHI,floor
9459,Utterance@MOT,She’s laughing so hard that she literally can’t even stay seated.
9459,Prosody@MOT,falling
9459,Gaze@MOT,invisible
9459,Action@CHI,looking for the ball
9459,Laughter@MOT,SL
9460,Gaze@CHI,mom
9460,Utterance@MOT,She’s laughing so hard that she literally can’t even stay seated.
9460,Prosody@MOT,falling
9460,Gaze@MOT,invisible
9460,Action@CHI,looking for the ball
9460,Laughter@MOT,SL
9461,Gaze@CHI,mom
9461,Utterance@MOT,She’s laughing so hard that she literally can’t even stay seated.
9461,Prosody@MOT,falling
9461,Gaze@MOT,invisible
9461,Action@CHI,looking for the ball
9461,Laughter@MOT,SL
9462,Gaze@CHI,mom
9462,Utterance@MOT,She’s laughing so hard that she literally can’t even stay seated.
9462,Prosody@MOT,falling
9462,Gaze@MOT,invisible
9462,Action@CHI,looking for the ball
9462,Laughter@MOT,SL
9463,Gaze@CHI,mom
9463,Utterance@MOT,She’s laughing so hard that she literally can’t even stay seated.
9463,Prosody@MOT,falling
9463,Action@CHI,looking for the ball
9463,Laughter@MOT,SL
9464,Gaze@CHI,mom
9464,Facial@MOT,smile showing teeth
9464,Utterance@MOT,She’s laughing so hard that she literally can’t even stay seated.
9464,Prosody@MOT,falling
9464,Action@CHI,looking for the ball
9464,Laughter@MOT,SL
9465,Gaze@CHI,mom
9465,Facial@MOT,smile showing teeth
9465,Utterance@MOT,She’s laughing so hard that she literally can’t even stay seated.
9465,Prosody@MOT,falling
9465,Action@CHI,looking for the ball
9465,Laughter@MOT,SL
9466,Gaze@CHI,mom
9466,Facial@MOT,smile showing teeth
9466,Utterance@MOT,She’s laughing so hard that she literally can’t even stay seated.
9466,Prosody@MOT,falling
9466,Action@CHI,looking for the ball
9466,Laughter@MOT,SL
9467,Gaze@CHI,mom
9467,Facial@MOT,smile showing teeth
9467,Utterance@MOT,She’s laughing so hard that she literally can’t even stay seated.
9467,Prosody@MOT,falling
9467,Action@CHI,looking for the ball
9467,Laughter@MOT,SL
9468,Gaze@CHI,mom
9468,Facial@MOT,smile showing teeth
9468,Utterance@MOT,She’s laughing so hard that she literally can’t even stay seated.
9468,Prosody@MOT,falling
9468,Action@CHI,looking for the ball
9468,Laughter@MOT,SL
9469,Gaze@CHI,mom
9469,Facial@MOT,smile showing teeth
9469,Utterance@MOT,She’s laughing so hard that she literally can’t even stay seated.
9469,Prosody@MOT,falling
9469,Action@CHI,looking for the ball
9469,Laughter@MOT,SL
9470,Gaze@CHI,mom
9470,Facial@MOT,smile showing teeth
9470,Utterance@MOT,She’s laughing so hard that she literally can’t even stay seated.
9470,Prosody@MOT,falling
9470,Action@CHI,looking for the ball
9470,Laughter@MOT,SL
9471,Gaze@CHI,mom
9471,Facial@MOT,smile showing teeth
9471,Utterance@MOT,She’s laughing so hard that she literally can’t even stay seated.
9471,Prosody@MOT,falling
9471,Action@CHI,looking for the ball
9471,Laughter@MOT,SL
9472,Gaze@CHI,mom
9472,Facial@MOT,smile showing teeth
9472,Utterance@MOT,She’s laughing so hard that she literally can’t even stay seated.
9472,Action@CHI,looking for the ball
9473,Gaze@CHI,mom
9473,Facial@MOT,smile showing teeth
9473,Utterance@MOT,She’s laughing so hard that she literally can’t even stay seated.
9473,Action@CHI,looking for the ball
9474,Gaze@CHI,mom
9474,Facial@MOT,smile showing teeth
9474,Utterance@MOT,She’s laughing so hard that she literally can’t even stay seated.
9474,Action@CHI,looking for the ball
9475,Gaze@CHI,mom
9475,Facial@MOT,smile showing teeth
9475,Utterance@MOT,She’s laughing so hard that she literally can’t even stay seated.
9475,Action@CHI,looking for the ball
9476,Gaze@CHI,mom
9476,Facial@MOT,smile showing teeth
9476,Utterance@MOT,She’s laughing so hard that she literally can’t even stay seated.
9476,Action@CHI,looking for the ball
9477,Gaze@CHI,mom
9477,Facial@MOT,smile showing teeth
9477,Utterance@MOT,She’s laughing so hard that she literally can’t even stay seated.
9477,Action@CHI,looking for the ball
9478,Gaze@CHI,mom
9478,Facial@MOT,smile showing teeth
9478,Utterance@MOT,She’s laughing so hard that she literally can’t even stay seated.
9478,Action@CHI,looking for the ball
9479,Gaze@CHI,mom
9479,Facial@MOT,smile showing teeth
9479,Utterance@MOT,She’s laughing so hard that she literally can’t even stay seated.
9479,Action@CHI,looking for the ball
9480,Gaze@CHI,floor
9480,Facial@MOT,smile showing teeth
9480,Utterance@MOT,She’s laughing so hard that she literally can’t even stay seated.
9480,Action@CHI,looking for the ball
9481,Gaze@CHI,floor
9481,Facial@MOT,smile showing teeth
9481,Utterance@MOT,She’s laughing so hard that she literally can’t even stay seated.
9481,Action@CHI,looking for the ball
9482,Gaze@CHI,floor
9482,Utterance@MOT,She’s laughing so hard that she literally can’t even stay seated.
9482,Action@CHI,looking for the ball
9483,Gaze@CHI,floor
9483,Utterance@MOT,She’s laughing so hard that she literally can’t even stay seated.
9483,Action@CHI,looking for the ball
9484,Gaze@CHI,floor
9484,Utterance@MOT,She’s laughing so hard that she literally can’t even stay seated.
9484,Action@CHI,looking for the ball
9485,Gaze@CHI,floor
9485,Utterance@MOT,She’s laughing so hard that she literally can’t even stay seated.
9485,Action@CHI,looking for the ball
9486,Gaze@CHI,floor
9486,Utterance@MOT,She’s laughing so hard that she literally can’t even stay seated.
9486,Action@CHI,looking for the ball
9487,Gaze@CHI,floor
9487,Utterance@MOT,She’s laughing so hard that she literally can’t even stay seated.
9487,Action@CHI,looking for the ball
9488,Gaze@CHI,floor
9488,Utterance@MOT,She’s laughing so hard that she literally can’t even stay seated.
9488,Action@CHI,looking for the ball
9489,Gaze@CHI,floor
9489,Utterance@MOT,She’s laughing so hard that she literally can’t even stay seated.
9489,Action@CHI,looking for the ball
9490,Gaze@CHI,floor
9490,Utterance@MOT,She’s laughing so hard that she literally can’t even stay seated.
9490,Action@CHI,looking for the ball
9491,Gaze@CHI,floor
9491,Utterance@MOT,She’s laughing so hard that she literally can’t even stay seated.
9491,Action@CHI,looking for the ball
9492,Gaze@CHI,floor
9492,Utterance@MOT,She’s laughing so hard that she literally can’t even stay seated.
9492,Action@CHI,looking for the ball
9493,Gaze@CHI,floor
9493,Utterance@MOT,She’s laughing so hard that she literally can’t even stay seated.
9493,Action@CHI,looking for the ball
9494,Gaze@CHI,floor
9494,Utterance@MOT,She’s laughing so hard that she literally can’t even stay seated.
9494,Action@CHI,looking for the ball
9495,Gaze@CHI,floor
9495,Utterance@MOT,She’s laughing so hard that she literally can’t even stay seated.
9495,Action@CHI,looking for the ball
9496,Gaze@CHI,floor
9496,Utterance@MOT,She’s laughing so hard that she literally can’t even stay seated.
9496,Action@CHI,looking for the ball
9497,Gaze@CHI,floor
9497,Utterance@MOT,Keep falling.
9497,Action@CHI,looking for the ball
9498,Gaze@CHI,floor
9498,Utterance@MOT,Keep falling.
9498,Action@CHI,looking for the ball
9499,Gaze@CHI,floor
9499,Utterance@MOT,Keep falling.
9499,Action@CHI,looking for the ball
9500,Gaze@CHI,floor
9500,Utterance@MOT,Keep falling.
9500,Action@CHI,looking for the ball
9501,Gaze@CHI,floor
9501,Utterance@MOT,Keep falling.
9501,Action@CHI,looking for the ball
9502,Gaze@CHI,floor
9502,Utterance@MOT,Keep falling.
9502,Action@CHI,looking for the ball
9503,Gaze@CHI,floor
9503,Utterance@MOT,Keep falling.
9503,Action@CHI,looking for the ball
9504,Gaze@CHI,floor
9504,Utterance@MOT,Keep falling.
9504,Action@CHI,looking for the ball
9505,Gaze@CHI,floor
9505,Utterance@MOT,Keep falling.
9505,Action@CHI,looking for the ball
9506,Gaze@CHI,floor
9506,Utterance@MOT,Keep falling.
9506,Action@CHI,looking for the ball
9507,Gaze@CHI,floor
9507,Utterance@MOT,Keep falling.
9507,Action@CHI,looking for the ball
9508,Gaze@CHI,floor
9508,Action@CHI,looking for the ball
9509,Gaze@CHI,floor
9509,Action@CHI,looking for the ball
9510,Gaze@CHI,floor
9510,Action@CHI,looking for the ball
9511,Gaze@CHI,floor
9511,Action@CHI,looking for the ball
9512,Gaze@CHI,floor
9512,Action@CHI,looking for the ball
9513,Gaze@CHI,floor
9513,Action@CHI,looking for the ball
9514,Gaze@CHI,floor
9514,Action@CHI,looking for the ball
9515,Gaze@CHI,floor
9515,Action@CHI,looking for the ball
9516,Gaze@CHI,floor
9516,Action@CHI,looking for the ball
9517,Gaze@CHI,floor
9517,Action@CHI,looking for the ball
9518,Gaze@CHI,floor
9518,Action@CHI,looking for the ball
9519,Gaze@CHI,floor
9519,Action@CHI,looking for the ball
9520,Gaze@CHI,floor
9520,Action@CHI,looking for the ball
9521,Gaze@CHI,floor
9521,Action@CHI,looking for the ball
9522,Gaze@CHI,floor
9522,Action@CHI,looking for the ball
9523,Gaze@CHI,floor
9523,Action@CHI,looking for the ball
9524,Action@CHI,looking for the ball
9652,Laughable@CHI,mom is shaking the toy block
9653,Laughable@CHI,mom is shaking the toy block
9654,Laughable@CHI,mom is shaking the toy block
9655,Laughable@CHI,mom is shaking the toy block
9656,Laughable@CHI,mom is shaking the toy block
9657,Laughable@CHI,mom is shaking the toy block
9658,Laughable@CHI,mom is shaking the toy block
9659,Laughable@CHI,mom is shaking the toy block
9660,Laughable@CHI,mom is shaking the toy block
9661,Laughable@CHI,mom is shaking the toy block
9662,Laughable@CHI,mom is shaking the toy block
9663,Laughable@CHI,mom is shaking the toy block
9664,Laughable@CHI,mom is shaking the toy block
9665,Laughable@CHI,mom is shaking the toy block
9666,Laughable@CHI,mom is shaking the toy block
9667,Laughable@CHI,mom is shaking the toy block
9668,Laughable@CHI,mom is shaking the toy block
9669,Laughable@CHI,mom is shaking the toy block
9670,Laughable@CHI,mom is shaking the toy block
9671,Laughable@CHI,mom is shaking the toy block
9672,Laughable@CHI,mom is shaking the toy block
9675,Laughter@CHI,L
9676,Laughter@CHI,L
9677,Laughter@CHI,L
9678,Laughter@CHI,L
9679,Laughter@CHI,L
9806,Action@MOT,building a toy pyramid
9807,Action@MOT,building a toy pyramid
9808,Action@MOT,building a toy pyramid
9809,Action@MOT,building a toy pyramid
9810,Action@MOT,building a toy pyramid
9811,Action@MOT,building a toy pyramid
9812,Action@MOT,building a toy pyramid
9813,Action@MOT,building a toy pyramid
9814,Action@MOT,building a toy pyramid
9815,Action@MOT,building a toy pyramid
9816,Gaze@CHI,toys
9816,Action@MOT,building a toy pyramid
9817,Gaze@CHI,toys
9817,Action@MOT,building a toy pyramid
9818,Gaze@CHI,toys
9818,Action@MOT,building a toy pyramid
9819,Gaze@CHI,toys
9819,Action@MOT,building a toy pyramid
9820,Gaze@CHI,toys
9820,Action@MOT,building a toy pyramid
9821,Gaze@CHI,toys
9821,Action@MOT,building a toy pyramid
9822,Gaze@CHI,toys
9822,Action@MOT,building a toy pyramid
9823,Gaze@CHI,toys
9823,Action@MOT,building a toy pyramid
9824,Gaze@CHI,toys
9824,Action@MOT,building a toy pyramid
9825,Gaze@CHI,toys
9825,Action@MOT,building a toy pyramid
9826,Gaze@CHI,toys
9826,Action@MOT,building a toy pyramid
9827,Gaze@CHI,toys
9827,Action@MOT,building a toy pyramid
9828,Gaze@CHI,toys
9828,Action@MOT,building a toy pyramid
9829,Gaze@CHI,toys
9829,Action@MOT,building a toy pyramid
9830,Gaze@CHI,toys
9830,Action@MOT,building a toy pyramid
9831,Gaze@CHI,toys
9831,Action@MOT,building a toy pyramid
9832,Gaze@CHI,toys
9832,Action@MOT,building a toy pyramid
9833,Gaze@CHI,toys
9833,Action@MOT,building a toy pyramid
9834,Gaze@CHI,toys
9834,Action@MOT,building a toy pyramid
9835,Gaze@CHI,toys
9835,Facial@MOT,invisible
9835,Action@MOT,building a toy pyramid
9836,Gaze@CHI,toys
9836,Facial@MOT,invisible
9836,Action@MOT,building a toy pyramid
9837,Gaze@CHI,toys
9837,Facial@MOT,invisible
9837,Gaze@MOT,toys
9837,Action@MOT,building a toy pyramid
9838,Gaze@CHI,toys
9838,Facial@MOT,invisible
9838,Gaze@MOT,toys
9838,Action@MOT,building a toy pyramid
9839,Gaze@CHI,toys
9839,Facial@MOT,invisible
9839,Gaze@MOT,toys
9839,Action@MOT,building a toy pyramid
9840,Gaze@CHI,toys
9840,Facial@MOT,invisible
9840,Gaze@MOT,toys
9840,Action@MOT,building a toy pyramid
9841,Gaze@CHI,toys
9841,Facial@MOT,invisible
9841,Gaze@MOT,toys
9841,Action@MOT,building a toy pyramid
9842,Gaze@CHI,toys
9842,Facial@MOT,invisible
9842,Gaze@MOT,toys
9842,Action@MOT,building a toy pyramid
9843,Gaze@CHI,toys
9843,Facial@MOT,invisible
9843,Gaze@MOT,toys
9843,Action@MOT,building a toy pyramid
9844,Gaze@CHI,toys
9844,Facial@MOT,invisible
9844,Gaze@MOT,toys
9844,Action@MOT,building a toy pyramid
9845,Gaze@CHI,toys
9845,Facial@MOT,invisible
9845,Gaze@MOT,toys
9845,Action@MOT,building a toy pyramid
9846,Gaze@CHI,toys
9846,Facial@MOT,invisible
9846,Gaze@MOT,toys
9846,Action@MOT,building a toy pyramid
9847,Gaze@CHI,toys
9847,Facial@MOT,invisible
9847,Gaze@MOT,toys
9847,Action@MOT,building a toy pyramid
9848,Gaze@CHI,toys
9848,Facial@MOT,invisible
9848,Gaze@MOT,toys
9848,Action@MOT,building a toy pyramid
9849,Gaze@CHI,toys
9849,Facial@MOT,invisible
9849,Gaze@MOT,toys
9850,Gaze@CHI,ball
9850,Facial@MOT,invisible
9850,Gaze@MOT,toys
9851,Gaze@CHI,ball
9851,Facial@MOT,invisible
9851,Gaze@MOT,toys
9852,Gaze@CHI,ball
9852,Facial@MOT,invisible
9852,Gaze@MOT,toys
9853,Gaze@CHI,ball
9853,Facial@MOT,invisible
9853,Gaze@MOT,toys
9854,Gaze@CHI,ball
9854,Facial@MOT,invisible
9854,Gaze@MOT,toys
9855,Gaze@CHI,ball
9855,Facial@MOT,invisible
9855,Gaze@MOT,toys
9856,Gaze@CHI,ball
9856,Facial@MOT,invisible
9856,Gaze@MOT,toys
9857,Gaze@CHI,ball
9857,Facial@MOT,invisible
9857,Gaze@MOT,invisible
9858,Gaze@CHI,ball
9858,Facial@MOT,invisible
9858,Gaze@MOT,invisible
9859,Gaze@CHI,ball
9859,Facial@MOT,invisible
9859,Gaze@MOT,invisible
9860,Gaze@CHI,ball
9860,Facial@MOT,invisible
9860,Gaze@MOT,invisible
9861,Gaze@CHI,ball
9861,Facial@MOT,invisible
9861,Gaze@MOT,invisible
9861,Action@CHI,picking up the ball
9862,Gaze@CHI,ball
9862,Facial@MOT,invisible
9862,Gaze@MOT,invisible
9862,Action@CHI,picking up the ball
9863,Gaze@CHI,ball
9863,Facial@MOT,invisible
9863,Gaze@MOT,invisible
9863,Action@CHI,picking up the ball
9864,Gaze@CHI,ball
9864,Facial@MOT,invisible
9864,Gaze@MOT,invisible
9864,Action@CHI,picking up the ball
9865,Gaze@CHI,ball
9865,Facial@MOT,invisible
9865,Gaze@MOT,invisible
9865,Action@CHI,picking up the ball
9866,Gaze@CHI,ball
9866,Facial@MOT,invisible
9866,Gaze@MOT,invisible
9866,Action@CHI,picking up the ball
9867,Gaze@CHI,ball
9867,Facial@MOT,invisible
9867,Gaze@MOT,invisible
9867,Action@CHI,picking up the ball
9868,Gaze@CHI,ball
9868,Facial@MOT,invisible
9868,Gaze@MOT,invisible
9868,Action@CHI,picking up the ball
9869,Gaze@CHI,ball
9869,Facial@MOT,invisible
9869,Gaze@MOT,invisible
9869,Action@CHI,picking up the ball
9870,Gaze@CHI,ball
9870,Facial@MOT,invisible
9870,Gaze@MOT,invisible
9870,Action@CHI,picking up the ball
9871,Gaze@CHI,ball
9871,Facial@MOT,invisible
9871,Gaze@MOT,invisible
9871,Action@CHI,picking up the ball
9872,Gaze@CHI,ball
9872,Facial@MOT,invisible
9872,Gaze@MOT,invisible
9872,Action@CHI,picking up the ball
9873,Gaze@CHI,ball
9873,Facial@MOT,invisible
9873,Gaze@MOT,invisible
9873,Action@CHI,picking up the ball
9874,Gaze@CHI,ball
9874,Facial@MOT,invisible
9874,Gaze@MOT,invisible
9874,Action@CHI,picking up the ball
9875,Gaze@CHI,ball
9875,Facial@MOT,invisible
9875,Gaze@MOT,invisible
9875,Action@CHI,picking up the ball
9876,Gaze@CHI,ball
9876,Facial@MOT,invisible
9876,Gaze@MOT,invisible
9876,Action@CHI,picking up the ball
9877,Gaze@CHI,ball
9877,Facial@MOT,invisible
9877,Gaze@MOT,invisible
9877,Action@CHI,picking up the ball
9878,Gaze@CHI,mom
9878,Facial@MOT,invisible
9878,Gaze@MOT,invisible
9878,Action@CHI,picking up the ball
9879,Gaze@CHI,mom
9879,Facial@MOT,invisible
9879,Utterance@CHI,excited breathing
9879,Gaze@MOT,invisible
9879,Action@CHI,giving the ball to mom
9880,Gaze@CHI,mom
9880,Facial@MOT,invisible
9880,Utterance@CHI,excited breathing
9880,Gaze@MOT,invisible
9880,Action@CHI,giving the ball to mom
9881,Gaze@CHI,mom
9881,Facial@MOT,invisible
9881,Utterance@CHI,excited breathing
9881,Gaze@MOT,child
9881,Action@CHI,giving the ball to mom
9882,Gaze@CHI,mom
9882,Facial@MOT,invisible
9882,Utterance@CHI,excited breathing
9882,Gaze@MOT,child
9882,Action@CHI,giving the ball to mom
9883,Gaze@CHI,mom
9883,Facial@MOT,neutral
9883,Utterance@CHI,excited breathing
9883,Gaze@MOT,child
9883,Action@CHI,giving the ball to mom
9884,Gaze@CHI,mom
9884,Facial@MOT,neutral
9884,Utterance@CHI,excited breathing
9884,Gaze@MOT,child
9884,Action@CHI,giving the ball to mom
9885,Gaze@CHI,mom
9885,Facial@MOT,neutral
9885,Utterance@CHI,excited breathing
9885,Gaze@MOT,child
9885,Action@CHI,giving the ball to mom
9886,Gaze@CHI,mom
9886,Facial@MOT,neutral
9886,Utterance@CHI,excited breathing
9886,Gaze@MOT,child
9886,Action@CHI,giving the ball to mom
9887,Gaze@CHI,mom
9887,Facial@MOT,neutral
9887,Utterance@CHI,excited breathing
9887,Gaze@MOT,child
9887,Action@CHI,giving the ball to mom
9888,Gaze@CHI,mom
9888,Facial@MOT,neutral
9888,Utterance@CHI,excited breathing
9888,Gaze@MOT,child
9888,Action@CHI,giving the ball to mom
9889,Gaze@CHI,mom
9889,Facial@MOT,neutral
9889,Utterance@CHI,excited breathing
9889,Gaze@MOT,child
9889,Action@CHI,giving the ball to mom
9890,Gaze@CHI,mom
9890,Facial@MOT,neutral
9890,Utterance@CHI,excited breathing
9890,Gaze@MOT,child
9890,Action@CHI,giving the ball to mom
9891,Gaze@CHI,mom
9891,Facial@MOT,neutral
9891,Utterance@CHI,excited breathing
9891,Gaze@MOT,child
9891,Action@CHI,giving the ball to mom
9892,Gaze@CHI,mom
9892,Facial@MOT,neutral
9892,Utterance@CHI,excited breathing
9892,Gaze@MOT,child
9892,Action@CHI,giving the ball to mom
9893,Gaze@CHI,mom
9893,Facial@MOT,neutral
9893,Utterance@CHI,excited breathing
9893,Gaze@MOT,child
9893,Action@CHI,giving the ball to mom
9894,Gaze@CHI,mom
9894,Facial@MOT,neutral
9894,Utterance@CHI,excited breathing
9894,Gaze@MOT,child
9894,Action@CHI,giving the ball to mom
9895,Gaze@CHI,mom
9895,Facial@MOT,neutral
9895,Utterance@CHI,excited breathing
9895,Gaze@MOT,child
9895,Action@CHI,giving the ball to mom
9896,Gaze@CHI,mom
9896,Facial@MOT,neutral
9896,Utterance@CHI,excited breathing
9896,Gaze@MOT,child
9896,Action@CHI,giving the ball to mom
9896,Action@MOT,extending a hand
9897,Gaze@CHI,mom
9897,Facial@MOT,neutral
9897,Utterance@CHI,excited breathing
9897,Gaze@MOT,child
9897,Action@CHI,giving the ball to mom
9897,Action@MOT,extending a hand
9898,Gaze@CHI,mom
9898,Facial@MOT,neutral
9898,Utterance@CHI,excited breathing
9898,Gaze@MOT,child
9898,Action@CHI,giving the ball to mom
9898,Action@MOT,extending a hand
9899,Gaze@CHI,mom
9899,Facial@MOT,neutral
9899,Gaze@MOT,child
9899,Action@CHI,giving the ball to mom
9899,Action@MOT,extending a hand
9900,Gaze@CHI,mom
9900,Facial@MOT,neutral
9900,Gaze@MOT,child
9900,Action@CHI,giving the ball to mom
9900,Action@MOT,extending a hand
9901,Gaze@CHI,mom
9901,Facial@MOT,neutral
9901,Gaze@MOT,child
9901,Action@CHI,giving the ball to mom
9901,Action@MOT,extending a hand
9902,Gaze@CHI,mom
9902,Facial@MOT,neutral
9902,Gaze@MOT,child
9902,Action@CHI,giving the ball to mom
9902,Action@MOT,extending a hand
9903,Gaze@CHI,mom
9903,Facial@MOT,neutral
9903,Gaze@MOT,child
9903,Action@CHI,giving the ball to mom
9903,Action@MOT,extending a hand
9904,Gaze@CHI,mom
9904,Facial@MOT,neutral
9904,Gaze@MOT,child
9904,Action@CHI,giving the ball to mom
9904,Action@MOT,extending a hand
9905,Gaze@CHI,mom
9905,Facial@MOT,neutral
9905,Gaze@MOT,child
9905,Action@CHI,giving the ball to mom
9905,Action@MOT,extending a hand
9906,Gaze@CHI,mom
9906,Facial@MOT,neutral
9906,Gaze@MOT,child
9906,Action@CHI,giving the ball to mom
9906,Action@MOT,extending a hand
9907,Gaze@CHI,mom
9907,Facial@MOT,neutral
9907,Gaze@MOT,ball
9907,Action@CHI,giving the ball to mom
9907,Action@MOT,extending a hand
9908,Gaze@CHI,mom
9908,Facial@MOT,neutral
9908,Gaze@MOT,ball
9908,Action@CHI,giving the ball to mom
9908,Action@MOT,extending a hand
9909,Gaze@CHI,mom
9909,Facial@MOT,neutral
9909,Gaze@MOT,ball
9909,Action@CHI,giving the ball to mom
9909,Action@MOT,extending a hand
9910,Gaze@CHI,mom
9910,Facial@MOT,neutral
9910,Gaze@MOT,ball
9910,Action@CHI,giving the ball to mom
9910,Action@MOT,extending a hand
9911,Gaze@CHI,mom
9911,Facial@MOT,neutral
9911,Gaze@MOT,ball
9911,Action@CHI,giving the ball to mom
9911,Action@MOT,extending a hand
9912,Gaze@CHI,mom
9912,Facial@MOT,neutral
9912,Gaze@MOT,child
9912,Action@CHI,giving the ball to mom
9912,Action@MOT,extending a hand
9912,Laughter@CHI,L
9912,Arousal@CHI,low
9912,ReactionReason@CHI,Violation of social role schema
9913,Gaze@CHI,mom
9913,Facial@MOT,neutral
9913,Gaze@MOT,child
9913,Action@CHI,giving the ball to mom
9913,Action@MOT,extending a hand
9913,Laughter@CHI,L
9913,Arousal@CHI,low
9913,ReactionReason@CHI,Violation of social role schema
9914,Gaze@CHI,mom
9914,Facial@MOT,neutral
9914,Gaze@MOT,child
9914,Action@CHI,giving the ball to mom
9914,Action@MOT,extending a hand
9914,Laughter@CHI,L
9914,Arousal@CHI,low
9914,ReactionReason@CHI,Violation of social role schema
9915,Gaze@CHI,mom
9915,Facial@MOT,smile
9915,Gaze@MOT,child
9915,Action@CHI,giving the ball to mom
9915,Action@MOT,extending a hand
9915,Laughter@CHI,L
9915,Arousal@CHI,low
9915,ReactionReason@CHI,Violation of social role schema
9916,Gaze@CHI,mom
9916,Facial@MOT,smile
9916,Gaze@MOT,child
9916,Action@CHI,giving the ball to mom
9916,Action@MOT,extending a hand
9916,Laughter@CHI,L
9916,Arousal@CHI,low
9916,ReactionReason@CHI,Violation of social role schema
9917,Gaze@CHI,mom
9917,Facial@MOT,smile
9917,Gaze@MOT,child
9917,Action@CHI,giving the ball to mom
9917,Action@MOT,extending a hand
9917,Laughter@CHI,L
9917,Arousal@CHI,low
9917,ReactionReason@CHI,Violation of social role schema
9918,Gaze@CHI,mom
9918,Facial@MOT,smile
9918,Gaze@MOT,child
9918,Action@CHI,giving the ball to mom
9918,Action@MOT,extending a hand
9918,Laughter@CHI,L
9918,Arousal@CHI,low
9918,ReactionReason@CHI,Violation of social role schema
9919,Gaze@CHI,mom
9919,Facial@MOT,smile
9919,Gaze@MOT,child
9919,Action@CHI,giving the ball to mom
9919,Action@MOT,extending a hand
9919,Laughter@CHI,L
9919,Arousal@CHI,low
9919,ReactionReason@CHI,Violation of social role schema
9920,Gaze@CHI,mom
9920,Facial@MOT,smile
9920,Gaze@MOT,child
9920,Action@CHI,giving the ball to mom
9920,Laughter@CHI,L
9920,Arousal@CHI,low
9920,ReactionReason@CHI,Violation of social role schema
9921,Gaze@CHI,mom
9921,Facial@MOT,smile
9921,Gaze@MOT,child
9921,Action@CHI,giving the ball to mom
9921,Action@MOT,moving towards the ball to take it
9922,Gaze@CHI,mom
9922,Facial@MOT,smile
9922,Gaze@MOT,ball
9922,Action@CHI,giving the ball to mom
9922,Action@MOT,moving towards the ball to take it
9923,Gaze@CHI,mom
9923,Facial@MOT,smile
9923,Gaze@MOT,ball
9923,Action@CHI,giving the ball to mom
9923,Action@MOT,moving towards the ball to take it
9924,Gaze@CHI,mom
9924,Facial@MOT,smile
9924,Gaze@MOT,ball
9924,Action@CHI,giving the ball to mom
9924,Action@MOT,moving towards the ball to take it
9925,Gaze@CHI,mom
9925,Facial@MOT,smile
9925,Gaze@MOT,ball
9925,Action@CHI,giving the ball to mom
9925,Action@MOT,moving towards the ball to take it
9926,Gaze@CHI,mom
9926,Facial@MOT,smile
9926,Gaze@MOT,ball
9926,Action@CHI,giving the ball to mom
9926,Action@MOT,moving towards the ball to take it
9927,Gaze@CHI,mom
9927,Facial@MOT,smile
9927,Gaze@MOT,ball
9927,Action@CHI,giving the ball to mom
9927,Action@MOT,moving towards the ball to take it
9927,Laughable@CHI,baby intentionally throws away the ball
9928,Gaze@CHI,mom
9928,Facial@MOT,O-shaped mouth
9928,Gaze@MOT,ball
9928,Action@CHI,giving the ball to mom
9928,Action@MOT,moving towards the ball to take it
9928,Laughable@CHI,baby intentionally throws away the ball
9929,Gaze@CHI,mom
9929,Facial@MOT,O-shaped mouth
9929,Gaze@MOT,ball
9929,Action@CHI,throwing the ball
9929,Action@MOT,moving towards the ball to take it
9929,Laughable@CHI,baby intentionally throws away the ball
9930,Gaze@CHI,mom
9930,Facial@MOT,O-shaped mouth
9930,Gaze@MOT,ball
9930,Action@CHI,throwing the ball
9930,Action@MOT,moving towards the ball to take it
9930,Laughter@CHI,L
9930,Laughable@CHI,baby intentionally throws away the ball
9930,Arousal@CHI,high
9930,ReactionReason@CHI,Prank
9931,Gaze@CHI,mom
9931,Facial@MOT,O-shaped mouth
9931,Gaze@MOT,ball
9931,Action@CHI,throwing the ball
9931,Action@MOT,moving towards the ball to take it
9931,Laughter@CHI,L
9931,Laughable@CHI,baby intentionally throws away the ball
9931,Arousal@CHI,high
9931,ReactionReason@CHI,Prank
9932,Gaze@CHI,mom
9932,Facial@MOT,O-shaped mouth
9932,Gaze@MOT,ball
9932,Action@CHI,throwing the ball
9932,Action@MOT,moving towards the ball to take it
9932,Laughter@CHI,L
9932,Arousal@CHI,high
9932,ReactionReason@CHI,Prank
9933,Gaze@CHI,mom
9933,Facial@MOT,O-shaped mouth
9933,Gaze@MOT,ball
9933,Action@MOT,moving towards the ball to take it
9933,Laughter@CHI,L
9933,Arousal@CHI,high
9933,ReactionReason@CHI,Prank
9934,Gaze@CHI,mom
9934,Facial@MOT,O-shaped mouth
9934,Gaze@MOT,toys
9934,Laughter@CHI,L
9934,Arousal@CHI,high
9934,ReactionReason@CHI,Prank
9935,Gaze@CHI,mom
9935,Facial@MOT,O-shaped mouth
9935,Gaze@MOT,toys
9935,Laughter@CHI,L
9935,Arousal@CHI,high
9935,ReactionReason@CHI,Prank
9936,Gaze@CHI,mom
9936,Facial@MOT,O-shaped mouth
9936,Gaze@MOT,toys
9936,Laughter@CHI,L
9936,Arousal@CHI,high
9936,ReactionReason@CHI,Prank
9937,Gaze@CHI,mom
9937,Facial@MOT,O-shaped mouth
9937,Gaze@MOT,toys
9937,Laughter@CHI,L
9937,Arousal@CHI,high
9937,ReactionReason@CHI,Prank
9938,Gaze@CHI,mom
9938,Facial@MOT,O-shaped mouth
9938,Gaze@MOT,toys
9938,Laughter@CHI,L
9938,Arousal@CHI,high
9938,ReactionReason@CHI,Prank
9939,Gaze@CHI,mom
9939,Facial@MOT,O-shaped mouth
9939,Gaze@MOT,toys
9939,Laughter@CHI,L
9939,Arousal@CHI,high
9939,ReactionReason@CHI,Prank
9940,Gaze@CHI,mom
9940,Facial@MOT,O-shaped mouth
9940,Gaze@MOT,toys
9940,Laughter@CHI,L
9940,Arousal@CHI,high
9940,ReactionReason@CHI,Prank
9941,Gaze@CHI,mom
9941,Facial@MOT,O-shaped mouth
9941,Gaze@MOT,toys
9941,Laughter@CHI,L
9941,Arousal@CHI,high
9941,ReactionReason@CHI,Prank
9942,Gaze@CHI,mom
9942,Facial@MOT,O-shaped mouth
9942,Gaze@MOT,toys
9942,Action@MOT,picking up the ball
9942,Laughter@CHI,L
9942,Arousal@CHI,high
9942,ReactionReason@CHI,Prank
9943,Gaze@CHI,mom
9943,Facial@MOT,O-shaped mouth
9943,Action@MOT,picking up the ball
9943,Laughter@CHI,L
9943,Arousal@CHI,high
9943,ReactionReason@CHI,Prank
9944,Gaze@CHI,mom
9944,Facial@MOT,O-shaped mouth
9944,Action@MOT,picking up the ball
9944,Laughter@CHI,L
9944,Arousal@CHI,high
9944,ReactionReason@CHI,Prank
9945,Gaze@CHI,mom
9945,Facial@MOT,O-shaped mouth
9945,Action@MOT,picking up the ball
9945,Laughter@CHI,L
9945,Arousal@CHI,high
9945,ReactionReason@CHI,Prank
9946,Gaze@CHI,mom
9946,Facial@MOT,O-shaped mouth
9946,Gaze@MOT,child
9946,Action@MOT,picking up the ball
9946,Laughter@CHI,L
9946,Arousal@CHI,high
9946,ReactionReason@CHI,Prank
9947,Gaze@CHI,mom
9947,Facial@MOT,O-shaped mouth
9947,Gaze@MOT,child
9947,Action@MOT,picking up the ball
9947,Laughter@CHI,L
9947,Arousal@CHI,high
9947,ReactionReason@CHI,Prank
9948,Gaze@CHI,mom
9948,Facial@MOT,O-shaped mouth
9948,Gaze@MOT,child
9948,Action@MOT,picking up the ball
9948,Laughter@CHI,L
9948,Arousal@CHI,high
9948,ReactionReason@CHI,Prank
9949,Gaze@CHI,mom
9949,Facial@MOT,O-shaped mouth
9949,Gaze@MOT,child
9949,Action@MOT,picking up the ball
9949,Laughter@CHI,L
9949,Arousal@CHI,high
9949,ReactionReason@CHI,Prank
9950,Gaze@CHI,mom
9950,Facial@MOT,O-shaped mouth
9950,Gaze@MOT,child
9950,Action@MOT,picking up the ball
9950,Laughter@CHI,L
9950,Arousal@CHI,high
9950,ReactionReason@CHI,Prank
9951,Gaze@CHI,mom
9951,Facial@MOT,O-shaped mouth
9951,Gaze@MOT,child
9951,Action@MOT,picking up the ball
9951,Laughter@CHI,L
9951,Arousal@CHI,high
9951,ReactionReason@CHI,Prank
9952,Gaze@CHI,mom
9952,Facial@MOT,O-shaped mouth
9952,Gaze@MOT,child
9952,Action@MOT,picking up the ball
9952,Laughter@CHI,L
9952,Arousal@CHI,high
9952,ReactionReason@CHI,Prank
9953,Gaze@CHI,mom
9953,Facial@MOT,O-shaped mouth
9953,Gaze@MOT,child
9953,Action@MOT,picking up the ball
9953,Laughter@CHI,L
9953,Arousal@CHI,high
9953,ReactionReason@CHI,Prank
9954,Gaze@CHI,mom
9954,Facial@MOT,O-shaped mouth
9954,Gaze@MOT,child
9954,Action@MOT,picking up the ball
9954,Laughter@CHI,L
9954,Arousal@CHI,high
9954,ReactionReason@CHI,Prank
9955,Gaze@CHI,mom
9955,Facial@MOT,O-shaped mouth
9955,Gaze@MOT,child
9955,Action@MOT,putting the ball in mouth
9955,Laughter@CHI,L
9955,Arousal@CHI,high
9955,ReactionReason@CHI,Prank
9956,Gaze@CHI,mom
9956,Facial@MOT,O-shaped mouth
9956,Gaze@MOT,child
9956,Action@MOT,putting the ball in mouth
9956,Laughter@CHI,L
9956,Arousal@CHI,high
9956,ReactionReason@CHI,Prank
9957,Gaze@CHI,mom
9957,Facial@MOT,O-shaped mouth
9957,Gaze@MOT,child
9957,Action@MOT,putting the ball in mouth
9957,Laughter@CHI,L
9957,Arousal@CHI,high
9957,ReactionReason@CHI,Prank
9958,Gaze@CHI,mom
9958,Gaze@MOT,child
9958,Action@MOT,putting the ball in mouth
9958,Laughter@CHI,L
9958,Arousal@CHI,high
9958,ReactionReason@CHI,Prank
9959,Gaze@CHI,mom
9959,Facial@MOT,widely opened eyes
9959,Gaze@MOT,child
9959,Action@MOT,putting the ball in mouth
9959,Laughter@CHI,L
9959,Arousal@CHI,high
9959,ReactionReason@CHI,Prank
9960,Gaze@CHI,mom
9960,Facial@MOT,widely opened eyes
9960,Gaze@MOT,child
9960,Action@MOT,putting the ball in mouth
9960,Laughter@CHI,L
9960,Arousal@CHI,high
9960,ReactionReason@CHI,Prank
9961,Gaze@CHI,mom
9961,Facial@MOT,widely opened eyes
9961,Gaze@MOT,child
9961,Action@MOT,putting the ball in mouth
9961,Laughter@CHI,L
9961,Arousal@CHI,high
9961,ReactionReason@CHI,Prank
9962,Gaze@CHI,mom
9962,Facial@MOT,widely opened eyes
9962,Gaze@MOT,child
9962,Action@MOT,putting the ball in mouth
9962,Laughter@CHI,L
9962,Arousal@CHI,high
9962,ReactionReason@CHI,Prank
9963,Gaze@CHI,mom
9963,Facial@MOT,widely opened eyes
9963,Gaze@MOT,child
9963,Action@MOT,holding the ball in mouth
9963,Laughter@CHI,L
9963,Arousal@CHI,high
9963,ReactionReason@CHI,Prank
9964,Gaze@CHI,mom
9964,Facial@MOT,widely opened eyes
9964,Gaze@MOT,child
9964,Action@MOT,holding the ball in mouth
9964,Laughter@CHI,L
9964,Arousal@CHI,high
9964,ReactionReason@CHI,Prank
9965,Gaze@CHI,mom
9965,Facial@MOT,widely opened eyes
9965,Gaze@MOT,child
9965,Action@MOT,holding the ball in mouth
9965,Laughter@CHI,L
9965,Arousal@CHI,high
9965,ReactionReason@CHI,Prank
9966,Gaze@CHI,mom
9966,Facial@MOT,widely opened eyes
9966,Gaze@MOT,child
9966,Action@MOT,holding the ball in mouth
9966,Laughter@CHI,L
9966,Arousal@CHI,high
9966,ReactionReason@CHI,Prank
9967,Gaze@CHI,mom
9967,Facial@MOT,widely opened eyes
9967,Gaze@MOT,child
9967,Action@MOT,holding the ball in mouth
9967,Laughter@CHI,L
9967,Arousal@CHI,high
9967,ReactionReason@CHI,Prank
9968,Gaze@CHI,mom
9968,Facial@MOT,widely opened eyes
9968,Gaze@MOT,child
9968,Action@MOT,holding the ball in mouth
9968,Laughter@CHI,L
9968,Arousal@CHI,high
9968,ReactionReason@CHI,Prank
9969,Gaze@CHI,mom
9969,Facial@MOT,widely opened eyes
9969,Gaze@MOT,child
9969,Action@MOT,holding the ball in mouth
9969,Laughter@CHI,L
9969,Arousal@CHI,high
9969,ReactionReason@CHI,Prank
9970,Gaze@CHI,mom
9970,Facial@MOT,widely opened eyes
9970,Gaze@MOT,child
9970,Action@MOT,holding the ball in mouth
9970,Laughter@CHI,L
9970,Arousal@CHI,high
9970,ReactionReason@CHI,Prank
9971,Gaze@CHI,mom
9971,Facial@MOT,widely opened eyes
9971,Gaze@MOT,child
9971,Action@MOT,holding the ball in mouth
9971,Laughter@CHI,L
9971,Arousal@CHI,high
9971,ReactionReason@CHI,Prank
9972,Gaze@CHI,mom
9972,Facial@MOT,widely opened eyes
9972,Gaze@MOT,child
9972,Action@MOT,holding the ball in mouth
9972,Laughter@CHI,L
9972,Arousal@CHI,high
9972,ReactionReason@CHI,Prank
9973,Gaze@CHI,mom
9973,Facial@MOT,widely opened eyes
9973,Gaze@MOT,child
9973,Action@MOT,holding the ball in mouth
9973,Laughter@CHI,L
9973,Arousal@CHI,high
9973,ReactionReason@CHI,Prank
9974,Gaze@CHI,mom
9974,Facial@MOT,widely opened eyes
9974,Gaze@MOT,child
9974,Action@MOT,holding the ball in mouth
9975,Gaze@CHI,mom
9975,Facial@MOT,widely opened eyes
9975,Gaze@MOT,child
9975,Action@MOT,holding the ball in mouth
9975,Laughter@CHI,L
9975,Arousal@CHI,high
9975,ReactionReason@CHI,Prediction
9976,Gaze@CHI,mom
9976,Facial@MOT,widely opened eyes
9976,Gaze@MOT,child
9976,Action@MOT,holding the ball in mouth
9976,Laughter@CHI,L
9976,Arousal@CHI,high
9976,ReactionReason@CHI,Prediction
9977,Gaze@CHI,mom
9977,Facial@MOT,widely opened eyes
9977,Gaze@MOT,child
9977,Action@MOT,holding the ball in mouth
9977,Laughter@CHI,L
9977,Arousal@CHI,high
9977,ReactionReason@CHI,Prediction
9978,Gaze@CHI,mom
9978,Facial@MOT,widely opened eyes
9978,Gaze@MOT,child
9978,Action@MOT,holding the ball in mouth
9978,Laughter@CHI,L
9978,Arousal@CHI,high
9978,ReactionReason@CHI,Prediction
9979,Gaze@CHI,mom
9979,Facial@MOT,widely opened eyes
9979,Gaze@MOT,child
9979,Action@MOT,holding the ball in mouth
9979,Laughter@CHI,L
9979,Arousal@CHI,high
9979,ReactionReason@CHI,Prediction
9980,Gaze@CHI,mom
9980,Facial@MOT,widely opened eyes
9980,Gaze@MOT,child
9980,Action@MOT,holding the ball in mouth
9980,Laughter@CHI,L
9980,Arousal@CHI,high
9980,ReactionReason@CHI,Prediction
9981,Gaze@CHI,mom
9981,Facial@MOT,widely opened eyes
9981,Gaze@MOT,child
9981,Action@MOT,holding the ball in mouth
9981,Laughter@CHI,L
9981,Arousal@CHI,high
9981,ReactionReason@CHI,Prediction
9982,Gaze@CHI,mom
9982,Facial@MOT,widely opened eyes
9982,Gaze@MOT,child
9982,Action@MOT,holding the ball in mouth
9982,Laughter@CHI,L
9982,Arousal@CHI,high
9982,ReactionReason@CHI,Prediction
9983,Gaze@CHI,mom
9983,Facial@MOT,widely opened eyes
9983,Gaze@MOT,child
9983,Action@MOT,holding the ball in mouth
9983,Laughter@CHI,L
9983,Arousal@CHI,high
9983,ReactionReason@CHI,Prediction
9984,Gaze@CHI,mom
9984,Facial@MOT,widely opened eyes
9984,Gaze@MOT,child
9984,Action@MOT,holding the ball in mouth
9985,Gaze@CHI,mom
9985,Facial@MOT,widely opened eyes
9985,Gaze@MOT,child
9985,Action@MOT,holding the ball in mouth
9986,Gaze@CHI,mom
9986,Facial@MOT,widely opened eyes
9986,Gaze@MOT,child
9986,Action@MOT,holding the ball in mouth
9986,Laughable@CHI,mom spits the ball out of the mouth
9987,Gaze@CHI,mom
9987,Facial@MOT,widely opened eyes
9987,Gaze@MOT,child
9987,Action@MOT,holding the ball in mouth
9987,Laughable@CHI,mom spits the ball out of the mouth
9988,Gaze@CHI,mom
9988,Facial@MOT,invisible
9988,Gaze@MOT,child
9988,Action@MOT,spitting out the ball
9988,Laughable@CHI,mom spits the ball out of the mouth
9989,Gaze@CHI,mom
9989,Facial@MOT,invisible
9989,Gaze@MOT,child
9989,Action@MOT,spitting out the ball
9989,Laughter@CHI,L
9989,Laughable@CHI,mom spits the ball out of the mouth
9989,Arousal@CHI,high
9989,ReactionReason@CHI,Prediction
9990,Gaze@CHI,mom
9990,Facial@MOT,invisible
9990,Gaze@MOT,child
9990,Laughter@CHI,L
9990,Arousal@CHI,high
9990,ReactionReason@CHI,Prediction
9991,Gaze@CHI,mom
9991,Facial@MOT,invisible
9991,Gaze@MOT,child
9991,Laughter@CHI,L
9991,Arousal@CHI,high
9991,ReactionReason@CHI,Prediction
9992,Gaze@CHI,mom
9992,Facial@MOT,invisible
9992,Gaze@MOT,child
9992,Laughter@CHI,L
9992,Arousal@CHI,high
9992,ReactionReason@CHI,Prediction
9993,Gaze@CHI,mom
9993,Facial@MOT,invisible
9993,Gaze@MOT,child
9993,Laughter@CHI,L
9993,Arousal@CHI,high
9993,ReactionReason@CHI,Prediction
9994,Gaze@CHI,mom
9994,Facial@MOT,invisible
9994,Gaze@MOT,child
9994,Laughter@CHI,L
9994,Arousal@CHI,high
9994,ReactionReason@CHI,Prediction
9995,Gaze@CHI,mom
9995,Facial@MOT,invisible
9995,Gaze@MOT,child
9995,Laughter@CHI,L
9995,Arousal@CHI,high
9995,ReactionReason@CHI,Prediction
9996,Facial@MOT,invisible
9996,Gaze@MOT,child
9996,Laughter@CHI,L
9996,Arousal@CHI,high
9996,ReactionReason@CHI,Prediction
9997,Facial@MOT,invisible
9997,Gaze@MOT,child
9997,Laughter@CHI,L
9997,Arousal@CHI,high
9997,ReactionReason@CHI,Prediction
9998,Facial@MOT,invisible
9998,Gaze@MOT,child
9998,Action@CHI,looking for the ball
9998,Laughter@CHI,L
9998,Arousal@CHI,high
9998,ReactionReason@CHI,Prediction
9999,Facial@MOT,invisible
9999,Gaze@MOT,child
9999,Action@CHI,looking for the ball
9999,Laughter@CHI,L
9999,Arousal@CHI,high
9999,ReactionReason@CHI,Prediction
10000,Facial@MOT,invisible
10000,Gaze@MOT,child
10000,Action@CHI,looking for the ball
10000,Laughter@CHI,L
10000,Arousal@CHI,high
10000,ReactionReason@CHI,Prediction
10001,Facial@MOT,invisible
10001,Gaze@MOT,invisible
10001,Action@CHI,looking for the ball
10001,Laughter@CHI,L
10001,Arousal@CHI,high
10001,ReactionReason@CHI,Prediction
10002,Facial@MOT,invisible
10002,Gaze@MOT,invisible
10002,Action@CHI,looking for the ball
10002,Laughter@CHI,L
10002,Arousal@CHI,high
10002,ReactionReason@CHI,Prediction
10003,Facial@MOT,invisible
10003,Gaze@MOT,invisible
10003,Action@CHI,looking for the ball
10003,Laughter@CHI,L
10003,Arousal@CHI,high
10003,ReactionReason@CHI,Prediction
10004,Facial@MOT,invisible
10004,Gaze@MOT,invisible
10004,Action@CHI,looking for the ball
10004,Laughter@CHI,L
10004,Arousal@CHI,high
10004,ReactionReason@CHI,Prediction
10005,Gaze@CHI,ball
10005,Facial@MOT,invisible
10005,Gaze@MOT,invisible
10005,Action@CHI,looking for the ball
10005,Laughter@CHI,L
10005,Arousal@CHI,high
10005,ReactionReason@CHI,Prediction
10006,Gaze@CHI,ball
10006,Facial@MOT,invisible
10006,Gaze@MOT,invisible
10006,Action@CHI,looking for the ball
10006,Laughter@CHI,L
10006,Arousal@CHI,high
10006,ReactionReason@CHI,Prediction
10007,Gaze@CHI,ball
10007,Facial@MOT,invisible
10007,Gaze@MOT,invisible
10007,Action@CHI,looking for the ball
10008,Gaze@CHI,ball
10008,Facial@MOT,invisible
10008,Gaze@MOT,invisible
10008,Action@CHI,looking for the ball
10008,Action@MOT,picking up the ball
10009,Gaze@CHI,ball
10009,Facial@MOT,invisible
10009,Gaze@MOT,invisible
10009,Action@CHI,looking for the ball
10009,Action@MOT,picking up the ball
10010,Gaze@CHI,ball
10010,Facial@MOT,invisible
10010,Gaze@MOT,invisible
10010,Action@CHI,looking for the ball
10010,Action@MOT,picking up the ball
10011,Gaze@CHI,ball
10011,Facial@MOT,invisible
10011,Gaze@MOT,invisible
10011,Action@CHI,looking for the ball
10011,Action@MOT,picking up the ball
10012,Gaze@CHI,ball
10012,Facial@MOT,invisible
10012,Gaze@MOT,invisible
10012,Action@CHI,picking up the ball
10012,Action@MOT,picking up the ball
10013,Gaze@CHI,ball
10013,Facial@MOT,invisible
10013,Gaze@MOT,invisible
10013,Action@CHI,picking up the ball
10013,Action@MOT,picking up the ball
10014,Gaze@CHI,ball
10014,Facial@MOT,invisible
10014,Utterance@CHI,mhm
10014,Prosody@CHI,falling
10014,Gaze@MOT,invisible
10014,Action@CHI,picking up the ball
10014,Action@MOT,picking up the ball
10014,Arousal@CHI,low
10015,Gaze@CHI,ball
10015,Facial@MOT,invisible
10015,Utterance@CHI,mhm
10015,Prosody@CHI,falling
10015,Gaze@MOT,invisible
10015,Action@CHI,picking up the ball
10015,Action@MOT,picking up the ball
10015,Arousal@CHI,low
10016,Gaze@CHI,ball
10016,Facial@MOT,invisible
10016,Utterance@CHI,mhm
10016,Prosody@CHI,falling
10016,Gaze@MOT,invisible
10016,Action@CHI,picking up the ball
10016,Action@MOT,picking up the ball
10016,Arousal@CHI,low
10017,Gaze@CHI,ball
10017,Facial@MOT,invisible
10017,Utterance@CHI,mhm
10017,Prosody@CHI,falling
10017,Gaze@MOT,invisible
10017,Action@CHI,picking up the ball
10017,Action@MOT,picking up the ball
10017,Arousal@CHI,low
10018,Gaze@CHI,ball
10018,Facial@MOT,invisible
10018,Utterance@CHI,mhm
10018,Prosody@CHI,falling
10018,Gaze@MOT,invisible
10018,Action@CHI,picking up the ball
10018,Action@MOT,picking up the ball
10018,Arousal@CHI,low
10019,Gaze@CHI,ball
10019,Facial@MOT,invisible
10019,Gaze@MOT,invisible
10019,Action@CHI,picking up the ball
10019,Action@MOT,picking up the ball
10020,Gaze@CHI,ball
10020,Facial@MOT,invisible
10020,Gaze@MOT,invisible
10020,Action@CHI,picking up the ball
10020,Action@MOT,picking up the ball
10021,Gaze@CHI,ball
10021,Facial@MOT,invisible
10021,Gaze@MOT,invisible
10021,Action@CHI,picking up the ball
10021,Action@MOT,picking up the ball
10022,Gaze@CHI,ball
10022,Facial@MOT,invisible
10022,Gaze@MOT,invisible
10022,Action@CHI,picking up the ball
10023,Gaze@CHI,ball
10023,Facial@MOT,invisible
10023,Gaze@MOT,invisible
10023,Action@CHI,picking up the ball
10024,Gaze@CHI,ball
10024,Facial@MOT,invisible
10024,Gaze@MOT,invisible
10024,Action@CHI,picking up the ball
10025,Gaze@CHI,ball
10025,Facial@MOT,invisible
10025,Gaze@MOT,invisible
10025,Action@CHI,picking up the ball
10026,Gaze@CHI,ball
10026,Facial@MOT,invisible
10026,Gaze@MOT,invisible
10026,Action@CHI,picking up the ball
10027,Gaze@CHI,ball
10027,Facial@MOT,invisible
10027,Gaze@MOT,invisible
10027,Action@CHI,picking up the ball
10028,Gaze@CHI,ball
10028,Facial@MOT,invisible
10028,Gaze@MOT,invisible
10028,Action@CHI,picking up the ball
10029,Gaze@CHI,ball
10029,Facial@MOT,invisible
10029,Gaze@MOT,invisible
10029,Action@CHI,picking up the ball
10030,Gaze@CHI,ball
10030,Facial@MOT,invisible
10030,Gaze@MOT,invisible
10030,Action@CHI,picking up the ball
10031,Facial@MOT,invisible
10031,Utterance@CHI,yah
10031,Prosody@CHI,falling
10031,Gaze@MOT,invisible
10031,Action@CHI,picking up the ball
10032,Facial@MOT,invisible
10032,Utterance@CHI,yah
10032,Prosody@CHI,falling
10032,Gaze@MOT,invisible
10032,Action@CHI,picking up the ball
10033,Facial@MOT,invisible
10033,Utterance@CHI,yah
10033,Prosody@CHI,falling
10033,Gaze@MOT,invisible
10033,Action@CHI,giving the ball to mom
10034,Facial@MOT,invisible
10034,Utterance@CHI,yah
10034,Prosody@CHI,falling
10034,Gaze@MOT,child
10034,Action@CHI,giving the ball to mom
10035,Gaze@CHI,mom
10035,Facial@MOT,invisible
10035,Utterance@CHI,yah
10035,Prosody@CHI,falling
10035,Gaze@MOT,child
10035,Action@CHI,giving the ball to mom
10036,Gaze@CHI,mom
10036,Facial@MOT,smile showing teeth
10036,Gaze@MOT,child
10036,Action@CHI,giving the ball to mom
10036,Laughter@CHI,L
10036,Arousal@CHI,high
10036,ReactionReason@CHI,Violation of event schema
10037,Gaze@CHI,mom
10037,Facial@MOT,smile showing teeth
10037,Gaze@MOT,child
10037,Action@CHI,giving the ball to mom
10037,Laughter@CHI,L
10037,Arousal@CHI,high
10037,ReactionReason@CHI,Violation of event schema
10038,Gaze@CHI,mom
10038,Facial@MOT,smile showing teeth
10038,Gaze@MOT,child
10038,Action@CHI,giving the ball to mom
10038,Laughter@CHI,L
10038,Arousal@CHI,high
10038,ReactionReason@CHI,Violation of event schema
10039,Gaze@CHI,mom
10039,Facial@MOT,smile showing teeth
10039,Gaze@MOT,child
10039,Action@CHI,giving the ball to mom
10039,Laughter@CHI,L
10039,Arousal@CHI,high
10039,ReactionReason@CHI,Violation of event schema
10040,Gaze@CHI,mom
10040,Facial@MOT,smile showing teeth
10040,Gaze@MOT,child
10040,Action@CHI,giving the ball to mom
10040,Laughter@CHI,L
10040,Arousal@CHI,high
10040,ReactionReason@CHI,Violation of event schema
10041,Gaze@CHI,mom
10041,Facial@MOT,smile showing teeth
10041,Gaze@MOT,child
10041,Action@CHI,giving the ball to mom
10041,Laughter@CHI,L
10041,Arousal@CHI,high
10041,ReactionReason@CHI,Violation of event schema
10042,Gaze@CHI,mom
10042,Facial@MOT,smile showing teeth
10042,Gaze@MOT,child
10042,Action@CHI,giving the ball to mom
10042,Laughter@CHI,L
10042,Arousal@CHI,high
10042,ReactionReason@CHI,Violation of event schema
10043,Gaze@CHI,mom
10043,Facial@MOT,smile showing teeth
10043,Gaze@MOT,child
10043,Action@CHI,giving the ball to mom
10043,Laughter@CHI,L
10043,Arousal@CHI,high
10043,ReactionReason@CHI,Violation of event schema
10044,Gaze@CHI,mom
10044,Facial@MOT,smile showing teeth
10044,Gaze@MOT,child
10044,Action@CHI,giving the ball to mom
10044,Action@MOT,taking the ball
10044,Laughter@CHI,L
10044,Arousal@CHI,high
10044,ReactionReason@CHI,Violation of event schema
10045,Gaze@CHI,mom
10045,Facial@MOT,neutral
10045,Gaze@MOT,ball
10045,Action@CHI,giving the ball to mom
10045,Action@MOT,taking the ball
10045,Laughter@CHI,L
10045,Arousal@CHI,high
10045,ReactionReason@CHI,Violation of event schema
10046,Gaze@CHI,mom
10046,Facial@MOT,neutral
10046,Gaze@MOT,ball
10046,Action@CHI,giving the ball to mom
10046,Action@MOT,taking the ball
10046,Laughter@CHI,L
10046,Arousal@CHI,high
10046,ReactionReason@CHI,Violation of event schema
10047,Gaze@CHI,mom
10047,Facial@MOT,neutral
10047,Gaze@MOT,ball
10047,Action@CHI,giving the ball to mom
10047,Action@MOT,taking the ball
10047,Laughter@CHI,L
10047,Arousal@CHI,high
10047,ReactionReason@CHI,Violation of event schema
10048,Gaze@CHI,mom
10048,Facial@MOT,neutral
10048,Gaze@MOT,ball
10048,Action@CHI,giving the ball to mom
10048,Action@MOT,taking the ball
10048,Laughter@CHI,L
10048,Arousal@CHI,high
10048,ReactionReason@CHI,Violation of event schema
10049,Gaze@CHI,mom
10049,Facial@MOT,neutral
10049,Gaze@MOT,ball
10049,Action@CHI,giving the ball to mom
10049,Action@MOT,taking the ball
10049,Laughter@CHI,L
10049,Arousal@CHI,high
10049,ReactionReason@CHI,Violation of event schema
10050,Gaze@CHI,mom
10050,Facial@MOT,neutral
10050,Gaze@MOT,ball
10050,Action@CHI,giving the ball to mom
10050,Action@MOT,taking the ball
10050,Laughter@CHI,L
10050,Arousal@CHI,high
10050,ReactionReason@CHI,Violation of event schema
10051,Gaze@CHI,mom
10051,Facial@MOT,neutral
10051,Gaze@MOT,ball
10051,Action@CHI,giving the ball to mom
10051,Action@MOT,taking the ball
10051,Laughter@CHI,L
10051,Arousal@CHI,high
10051,ReactionReason@CHI,Violation of event schema
10052,Gaze@CHI,mom
10052,Facial@MOT,neutral
10052,Gaze@MOT,ball
10052,Action@CHI,giving the ball to mom
10052,Action@MOT,taking the ball
10052,Laughter@CHI,L
10052,Arousal@CHI,high
10052,ReactionReason@CHI,Violation of event schema
10053,Gaze@CHI,mom
10053,Facial@MOT,neutral
10053,Gaze@MOT,child
10053,Action@MOT,taking the ball
10053,Laughter@CHI,L
10053,Arousal@CHI,high
10053,ReactionReason@CHI,Violation of event schema
10054,Gaze@CHI,mom
10054,Facial@MOT,neutral
10054,Gaze@MOT,child
10054,Action@MOT,putting the ball in mouth
10054,Laughter@CHI,L
10054,Arousal@CHI,high
10054,ReactionReason@CHI,Violation of event schema
10055,Gaze@CHI,mom
10055,Facial@MOT,neutral
10055,Gaze@MOT,child
10055,Action@MOT,putting the ball in mouth
10055,Laughter@CHI,L
10055,Arousal@CHI,high
10055,ReactionReason@CHI,Violation of event schema
10056,Gaze@CHI,mom
10056,Facial@MOT,neutral
10056,Gaze@MOT,child
10056,Action@MOT,putting the ball in mouth
10056,Laughter@CHI,L
10056,Arousal@CHI,high
10056,ReactionReason@CHI,Violation of event schema
10057,Gaze@CHI,mom
10057,Facial@MOT,neutral
10057,Gaze@MOT,child
10057,Action@MOT,putting the ball in mouth
10057,Laughter@CHI,L
10057,Arousal@CHI,high
10057,ReactionReason@CHI,Violation of event schema
10058,Gaze@CHI,mom
10058,Facial@MOT,neutral
10058,Gaze@MOT,child
10058,Action@MOT,putting the ball in mouth
10058,Laughter@CHI,L
10058,Arousal@CHI,high
10058,ReactionReason@CHI,Violation of event schema
10059,Gaze@CHI,mom
10059,Facial@MOT,widely opened eyes
10059,Gaze@MOT,child
10059,Action@MOT,putting the ball in mouth
10059,Laughter@CHI,L
10059,Arousal@CHI,high
10059,ReactionReason@CHI,Violation of event schema
10060,Gaze@CHI,mom
10060,Facial@MOT,widely opened eyes
10060,Gaze@MOT,child
10060,Action@MOT,holding the ball in mouth
10060,Laughter@CHI,L
10060,Arousal@CHI,high
10060,ReactionReason@CHI,Violation of event schema
10061,Gaze@CHI,mom
10061,Facial@MOT,widely opened eyes
10061,Gaze@MOT,child
10061,Action@MOT,holding the ball in mouth
10061,Laughter@CHI,L
10061,Arousal@CHI,high
10061,ReactionReason@CHI,Violation of event schema
10062,Gaze@CHI,mom
10062,Facial@MOT,widely opened eyes
10062,Gaze@MOT,child
10062,Action@MOT,holding the ball in mouth
10062,Laughter@CHI,L
10062,Arousal@CHI,high
10062,ReactionReason@CHI,Violation of event schema
10063,Gaze@CHI,mom
10063,Facial@MOT,widely opened eyes
10063,Gaze@MOT,child
10063,Action@MOT,holding the ball in mouth
10063,Laughter@CHI,L
10063,Arousal@CHI,high
10063,ReactionReason@CHI,Violation of event schema
10064,Gaze@CHI,mom
10064,Facial@MOT,widely opened eyes
10064,Gaze@MOT,child
10064,Action@MOT,holding the ball in mouth
10064,Laughter@CHI,L
10064,Arousal@CHI,high
10064,ReactionReason@CHI,Violation of event schema
10065,Gaze@CHI,mom
10065,Facial@MOT,widely opened eyes
10065,Gaze@MOT,child
10065,Action@MOT,holding the ball in mouth
10065,Laughter@CHI,L
10065,Arousal@CHI,high
10065,ReactionReason@CHI,Violation of event schema
10066,Gaze@CHI,mom
10066,Facial@MOT,widely opened eyes
10066,Gaze@MOT,child
10066,Action@MOT,holding the ball in mouth
10066,Laughter@CHI,L
10066,Arousal@CHI,high
10066,ReactionReason@CHI,Violation of event schema
10067,Gaze@CHI,mom
10067,Facial@MOT,widely opened eyes
10067,Gaze@MOT,child
10067,Action@MOT,holding the ball in mouth
10067,Laughter@CHI,L
10067,Arousal@CHI,high
10067,ReactionReason@CHI,Violation of event schema
10068,Gaze@CHI,mom
10068,Facial@MOT,widely opened eyes
10068,Gaze@MOT,child
10068,Action@MOT,holding the ball in mouth
10068,Laughter@CHI,L
10068,Arousal@CHI,high
10068,ReactionReason@CHI,Violation of event schema
10069,Gaze@CHI,mom
10069,Facial@MOT,widely opened eyes
10069,Gaze@MOT,child
10069,Action@MOT,holding the ball in mouth
10069,Laughter@CHI,L
10069,Arousal@CHI,high
10069,ReactionReason@CHI,Violation of event schema
10070,Gaze@CHI,mom
10070,Facial@MOT,widely opened eyes
10070,Gaze@MOT,child
10070,Action@MOT,holding the ball in mouth
10070,Laughter@CHI,L
10070,Arousal@CHI,high
10070,ReactionReason@CHI,Violation of event schema
10071,Gaze@CHI,mom
10071,Facial@MOT,widely opened eyes
10071,Gaze@MOT,child
10071,Action@MOT,holding the ball in mouth
10071,Laughter@CHI,L
10071,Arousal@CHI,high
10071,ReactionReason@CHI,Violation of event schema
10072,Gaze@CHI,mom
10072,Facial@MOT,widely opened eyes
10072,Gaze@MOT,child
10072,Action@MOT,holding the ball in mouth
10072,Laughter@CHI,L
10072,Arousal@CHI,high
10072,ReactionReason@CHI,Violation of event schema
10073,Gaze@CHI,mom
10073,Facial@MOT,widely opened eyes
10073,Gaze@MOT,child
10073,Action@MOT,holding the ball in mouth
10073,Laughter@CHI,L
10073,Arousal@CHI,high
10073,ReactionReason@CHI,Violation of event schema
10074,Gaze@CHI,mom
10074,Facial@MOT,widely opened eyes
10074,Gaze@MOT,child
10074,Action@MOT,holding the ball in mouth
10074,Laughter@CHI,L
10074,Arousal@CHI,high
10074,ReactionReason@CHI,Violation of event schema
10075,Gaze@CHI,mom
10075,Facial@MOT,widely opened eyes
10075,Gaze@MOT,child
10075,Action@MOT,holding the ball in mouth
10075,Laughter@CHI,L
10075,Arousal@CHI,high
10075,ReactionReason@CHI,Violation of event schema
10076,Gaze@CHI,mom
10076,Facial@MOT,widely opened eyes
10076,Gaze@MOT,child
10076,Action@MOT,holding the ball in mouth
10076,Laughter@CHI,L
10076,Arousal@CHI,high
10076,ReactionReason@CHI,Violation of event schema
10077,Gaze@CHI,mom
10077,Facial@MOT,widely opened eyes
10077,Gaze@MOT,child
10077,Action@MOT,holding the ball in mouth
10077,Laughter@CHI,L
10077,Arousal@CHI,high
10077,ReactionReason@CHI,Violation of event schema
10078,Facial@MOT,widely opened eyes
10078,Gaze@MOT,child
10078,Action@MOT,holding the ball in mouth
10078,Laughter@CHI,L
10078,Arousal@CHI,high
10078,ReactionReason@CHI,Violation of event schema
10079,Facial@MOT,widely opened eyes
10079,Gaze@MOT,child
10079,Action@MOT,holding the ball in mouth
10079,Laughter@CHI,L
10079,Arousal@CHI,high
10079,ReactionReason@CHI,Violation of event schema
10080,Facial@MOT,widely opened eyes
10080,Gaze@MOT,child
10080,Action@MOT,holding the ball in mouth
10080,Laughter@CHI,L
10080,Arousal@CHI,high
10080,ReactionReason@CHI,Violation of event schema
10081,Facial@MOT,widely opened eyes
10081,Gaze@MOT,child
10081,Action@MOT,holding the ball in mouth
10081,Laughter@CHI,L
10081,Arousal@CHI,high
10081,ReactionReason@CHI,Violation of event schema
10082,Facial@MOT,widely opened eyes
10082,Gaze@MOT,child
10082,Action@MOT,holding the ball in mouth
10082,Laughter@CHI,L
10082,Arousal@CHI,high
10082,ReactionReason@CHI,Violation of event schema
10083,Facial@MOT,widely opened eyes
10083,Gaze@MOT,invisible
10083,Action@MOT,holding the ball in mouth
10083,Laughter@CHI,L
10083,Arousal@CHI,high
10083,ReactionReason@CHI,Violation of event schema
10084,Gaze@CHI,ball
10084,Facial@MOT,invisible
10084,Gaze@MOT,invisible
10084,Action@MOT,holding the ball in mouth
10084,Laughter@CHI,L
10084,Arousal@CHI,high
10084,ReactionReason@CHI,Violation of event schema
10085,Gaze@CHI,ball
10085,Facial@MOT,invisible
10085,Gaze@MOT,invisible
10085,Action@MOT,holding the ball in mouth
10085,Laughter@CHI,L
10085,Arousal@CHI,high
10085,ReactionReason@CHI,Violation of event schema
10086,Gaze@CHI,ball
10086,Facial@MOT,invisible
10086,Gaze@MOT,invisible
10086,Action@MOT,holding the ball in mouth
10086,Laughter@CHI,L
10086,Laughable@CHI,mom spits the ball out of the mouth
10086,Arousal@CHI,high
10086,ReactionReason@CHI,Violation of event schema
10087,Gaze@CHI,ball
10087,Facial@MOT,invisible
10087,Gaze@MOT,invisible
10087,Action@MOT,holding the ball in mouth
10087,Laughter@CHI,L
10087,Laughable@CHI,mom spits the ball out of the mouth
10087,Arousal@CHI,high
10087,ReactionReason@CHI,Violation of event schema
10088,Gaze@CHI,ball
10088,Facial@MOT,invisible
10088,Gaze@MOT,invisible
10088,Action@MOT,holding the ball in mouth
10088,Laughable@CHI,mom spits the ball out of the mouth
10089,Gaze@CHI,ball
10089,Facial@MOT,invisible
10089,Gaze@MOT,invisible
10089,Action@MOT,holding the ball in mouth
10089,Laughable@CHI,mom spits the ball out of the mouth
10090,Gaze@CHI,ball
10090,Facial@MOT,invisible
10090,Gaze@MOT,invisible
10090,Action@MOT,spitting out the ball
10090,Laughable@CHI,mom spits the ball out of the mouth
10091,Gaze@CHI,ball
10091,Facial@MOT,invisible
10091,Gaze@MOT,invisible
10091,Action@MOT,putting the ball in mouth
10092,Gaze@CHI,ball
10092,Facial@MOT,invisible
10092,Gaze@MOT,invisible
10092,Action@MOT,putting the ball in mouth
10092,Laughter@CHI,L
10092,Arousal@CHI,high
10092,ReactionReason@CHI,Violation of event schema
10093,Gaze@CHI,ball
10093,Facial@MOT,invisible
10093,Gaze@MOT,invisible
10093,Action@MOT,putting the ball in mouth
10093,Laughter@CHI,L
10093,Arousal@CHI,high
10093,ReactionReason@CHI,Violation of event schema
10094,Gaze@CHI,ball
10094,Facial@MOT,invisible
10094,Gaze@MOT,invisible
10094,Action@MOT,holding the ball in mouth
10094,Laughter@CHI,L
10094,Arousal@CHI,high
10094,ReactionReason@CHI,Violation of event schema
10095,Gaze@CHI,ball
10095,Facial@MOT,invisible
10095,Gaze@MOT,invisible
10095,Action@MOT,holding the ball in mouth
10095,Laughter@CHI,L
10095,Arousal@CHI,high
10095,ReactionReason@CHI,Violation of event schema
10096,Gaze@CHI,mom
10096,Facial@MOT,invisible
10096,Gaze@MOT,invisible
10096,Action@MOT,holding the ball in mouth
10096,Laughter@CHI,L
10096,Arousal@CHI,high
10096,ReactionReason@CHI,Violation of event schema
10097,Gaze@CHI,mom
10097,Facial@MOT,invisible
10097,Gaze@MOT,child
10097,Action@MOT,holding the ball in mouth
10097,Laughter@CHI,L
10097,Arousal@CHI,high
10097,ReactionReason@CHI,Violation of event schema
10098,Gaze@CHI,mom
10098,Facial@MOT,invisible
10098,Gaze@MOT,child
10098,Action@MOT,holding the ball in mouth
10098,Laughter@CHI,L
10098,Arousal@CHI,high
10098,ReactionReason@CHI,Violation of event schema
10099,Gaze@CHI,mom
10099,Facial@MOT,neutral
10099,Gaze@MOT,child
10099,Action@MOT,holding the ball in mouth
10099,Laughter@CHI,L
10099,Arousal@CHI,high
10099,ReactionReason@CHI,Violation of event schema
10100,Gaze@CHI,mom
10100,Facial@MOT,neutral
10100,Gaze@MOT,child
10100,Action@MOT,holding the ball in mouth
10100,Laughter@CHI,L
10100,Arousal@CHI,high
10100,ReactionReason@CHI,Violation of event schema
10101,Gaze@CHI,mom
10101,Facial@MOT,neutral
10101,Gaze@MOT,child
10101,Action@MOT,holding the ball in mouth
10101,Laughter@CHI,L
10101,Arousal@CHI,high
10101,ReactionReason@CHI,Violation of event schema
10102,Gaze@CHI,mom
10102,Facial@MOT,neutral
10102,Gaze@MOT,child
10102,Action@MOT,holding the ball in mouth
10102,Laughter@CHI,L
10102,Arousal@CHI,high
10102,ReactionReason@CHI,Violation of event schema
10103,Gaze@CHI,mom
10103,Facial@MOT,neutral
10103,Gaze@MOT,child
10103,Action@MOT,holding the ball in mouth
10103,Laughter@CHI,L
10103,Arousal@CHI,high
10103,ReactionReason@CHI,Violation of event schema
10104,Gaze@CHI,mom
10104,Facial@MOT,neutral
10104,Gaze@MOT,child
10104,Action@MOT,holding the ball in mouth
10104,Laughter@CHI,L
10104,Arousal@CHI,high
10104,ReactionReason@CHI,Violation of event schema
10105,Gaze@CHI,mom
10105,Facial@MOT,neutral
10105,Gaze@MOT,child
10105,Action@MOT,holding the ball in mouth
10105,Laughter@CHI,L
10105,Arousal@CHI,high
10105,ReactionReason@CHI,Violation of event schema
10106,Gaze@CHI,mom
10106,Facial@MOT,neutral
10106,Gaze@MOT,child
10106,Action@MOT,holding the ball in mouth
10106,Laughter@CHI,L
10106,Arousal@CHI,high
10106,ReactionReason@CHI,Violation of event schema
10107,Gaze@CHI,mom
10107,Facial@MOT,neutral
10107,Gaze@MOT,child
10107,Action@MOT,holding the ball in mouth
10107,Laughter@CHI,L
10107,Laughable@CHI,mom spits the ball out of the mouth
10107,Arousal@CHI,high
10107,ReactionReason@CHI,Violation of event schema
10108,Gaze@CHI,mom
10108,Facial@MOT,neutral
10108,Gaze@MOT,child
10108,Action@MOT,holding the ball in mouth
10108,Laughter@CHI,L
10108,Laughable@CHI,mom spits the ball out of the mouth
10108,Arousal@CHI,high
10108,ReactionReason@CHI,Violation of event schema
10109,Gaze@CHI,mom
10109,Facial@MOT,neutral
10109,Gaze@MOT,child
10109,Action@MOT,spitting out the ball
10109,Laughter@CHI,L
10109,Arousal@CHI,high
10109,ReactionReason@CHI,Violation of event schema
10110,Gaze@CHI,mom
10110,Facial@MOT,neutral
10110,Gaze@MOT,child
10110,Action@MOT,putting the ball in mouth
10110,Laughter@CHI,L
10110,Arousal@CHI,high
10110,ReactionReason@CHI,Violation of event schema
10111,Gaze@CHI,mom
10111,Facial@MOT,neutral
10111,Gaze@MOT,invisible
10111,Action@MOT,putting the ball in mouth
10111,ReactionReason@CHI,Violation of event schema
10112,Gaze@CHI,ball
10112,Facial@MOT,neutral
10112,Gaze@MOT,invisible
10112,Action@MOT,putting the ball in mouth
10112,Laughter@CHI,L
10112,Laughable@CHI,mom spits the ball out of the mouth many times
10112,Arousal@CHI,high
10112,ReactionReason@CHI,Violation of event schema
10113,Gaze@CHI,ball
10113,Facial@MOT,neutral
10113,Gaze@MOT,invisible
10113,Action@MOT,holding the ball in mouth
10113,Laughter@CHI,L
10113,Laughable@CHI,mom spits the ball out of the mouth many times
10113,Arousal@CHI,high
10113,ReactionReason@CHI,Violation of event schema
10114,Gaze@CHI,ball
10114,Facial@MOT,neutral
10114,Gaze@MOT,invisible
10114,Action@MOT,holding the ball in mouth
10114,Laughter@CHI,L
10114,Laughable@CHI,mom spits the ball out of the mouth many times
10114,Arousal@CHI,high
10114,ReactionReason@CHI,Violation of event schema
10115,Gaze@CHI,ball
10115,Facial@MOT,neutral
10115,Gaze@MOT,invisible
10115,Action@MOT,holding the ball in mouth
10115,Laughter@CHI,L
10115,Laughable@CHI,mom spits the ball out of the mouth many times
10115,Arousal@CHI,high
10115,ReactionReason@CHI,Violation of event schema
10116,Gaze@CHI,ball
10116,Facial@MOT,neutral
10116,Gaze@MOT,invisible
10116,Action@MOT,holding the ball in mouth
10116,Laughter@CHI,L
10116,Laughable@CHI,mom spits the ball out of the mouth many times
10116,Arousal@CHI,high
10116,ReactionReason@CHI,Violation of event schema
10117,Gaze@CHI,mom
10117,Facial@MOT,neutral
10117,Gaze@MOT,child
10117,Action@MOT,holding the ball in mouth
10117,Laughter@CHI,L
10117,Laughable@CHI,mom spits the ball out of the mouth many times
10117,Arousal@CHI,high
10117,ReactionReason@CHI,Violation of event schema
10118,Gaze@CHI,mom
10118,Facial@MOT,neutral
10118,Gaze@MOT,child
10118,Action@MOT,holding the ball in mouth
10118,Laughter@CHI,L
10118,Laughable@CHI,mom spits the ball out of the mouth many times
10118,Arousal@CHI,high
10118,ReactionReason@CHI,Violation of event schema
10119,Gaze@CHI,mom
10119,Facial@MOT,neutral
10119,Gaze@MOT,child
10119,Action@MOT,holding the ball in mouth
10119,Laughter@CHI,L
10119,Laughable@CHI,mom spits the ball out of the mouth many times
10119,Arousal@CHI,high
10119,ReactionReason@CHI,Violation of event schema
10120,Gaze@CHI,mom
10120,Facial@MOT,neutral
10120,Gaze@MOT,child
10120,Action@MOT,holding the ball in mouth
10120,Laughter@CHI,L
10120,Laughable@CHI,mom spits the ball out of the mouth many times
10120,Arousal@CHI,high
10120,ReactionReason@CHI,Violation of event schema
10121,Gaze@CHI,mom
10121,Facial@MOT,neutral
10121,Gaze@MOT,child
10121,Action@MOT,spitting out the ball
10121,Laughter@CHI,L
10121,Laughable@CHI,mom spits the ball out of the mouth many times
10121,Arousal@CHI,high
10121,ReactionReason@CHI,Violation of event schema
10122,Gaze@CHI,mom
10122,Facial@MOT,neutral
10122,Gaze@MOT,child
10122,Action@MOT,spitting out the ball
10122,Laughter@CHI,L
10122,Laughable@CHI,mom spits the ball out of the mouth many times
10122,Arousal@CHI,high
10122,ReactionReason@CHI,Violation of event schema
10123,Gaze@CHI,mom
10123,Facial@MOT,neutral
10123,Gaze@MOT,child
10123,Action@MOT,putting the ball in mouth
10123,Laughter@CHI,L
10123,Laughable@CHI,mom spits the ball out of the mouth many times
10123,Arousal@CHI,high
10123,ReactionReason@CHI,Violation of event schema
10124,Gaze@CHI,mom
10124,Facial@MOT,neutral
10124,Gaze@MOT,child
10124,Action@MOT,putting the ball in mouth
10124,Laughter@CHI,L
10124,Laughable@CHI,mom spits the ball out of the mouth many times
10124,Arousal@CHI,high
10124,ReactionReason@CHI,Violation of event schema
10125,Gaze@CHI,mom
10125,Facial@MOT,neutral
10125,Gaze@MOT,child
10125,Action@MOT,putting the ball in mouth
10125,Laughter@CHI,L
10125,Laughable@CHI,mom spits the ball out of the mouth many times
10125,Arousal@CHI,high
10125,ReactionReason@CHI,Violation of event schema
10126,Gaze@CHI,mom
10126,Facial@MOT,neutral
10126,Gaze@MOT,toys
10126,Action@MOT,putting the ball in mouth
10126,Laughter@CHI,L
10126,Laughable@CHI,mom spits the ball out of the mouth many times
10126,Arousal@CHI,high
10126,ReactionReason@CHI,Violation of event schema
10127,Gaze@CHI,mom
10127,Facial@MOT,neutral
10127,Gaze@MOT,toys
10127,Action@MOT,holding the ball in mouth
10127,Laughter@CHI,L
10127,Laughable@CHI,mom spits the ball out of the mouth many times
10127,Arousal@CHI,high
10127,ReactionReason@CHI,Violation of event schema
10128,Gaze@CHI,mom
10128,Facial@MOT,neutral
10128,Gaze@MOT,invisible
10128,Action@MOT,holding the ball in mouth
10128,Laughter@CHI,L
10128,Laughable@CHI,mom spits the ball out of the mouth many times
10128,Arousal@CHI,high
10128,ReactionReason@CHI,Violation of event schema
10129,Gaze@CHI,mom
10129,Facial@MOT,neutral
10129,Gaze@MOT,invisible
10129,Action@MOT,holding the ball in mouth
10129,Laughter@CHI,L
10129,Laughable@CHI,mom spits the ball out of the mouth many times
10129,Arousal@CHI,high
10129,ReactionReason@CHI,Violation of event schema
10130,Gaze@CHI,mom
10130,Facial@MOT,neutral
10130,Gaze@MOT,invisible
10130,Action@MOT,holding the ball in mouth
10130,Laughter@CHI,L
10130,Laughable@CHI,mom spits the ball out of the mouth many times
10130,Arousal@CHI,high
10130,ReactionReason@CHI,Violation of event schema
10131,Gaze@CHI,mom
10131,Facial@MOT,neutral
10131,Gaze@MOT,invisible
10131,Action@MOT,holding the ball in mouth
10131,Laughter@CHI,L
10131,Laughable@CHI,mom spits the ball out of the mouth many times
10131,Arousal@CHI,high
10131,ReactionReason@CHI,Violation of event schema
10132,Gaze@CHI,ball
10132,Facial@MOT,neutral
10132,Gaze@MOT,invisible
10132,Action@MOT,holding the ball in mouth
10132,Laughter@CHI,L
10132,Laughable@CHI,mom spits the ball out of the mouth many times
10132,Arousal@CHI,high
10132,ReactionReason@CHI,Violation of event schema
10133,Gaze@CHI,ball
10133,Facial@MOT,neutral
10133,Gaze@MOT,invisible
10133,Action@MOT,spitting out the ball
10133,Laughter@CHI,L
10133,Laughable@CHI,mom spits the ball out of the mouth many times
10133,Arousal@CHI,high
10133,ReactionReason@CHI,Violation of event schema
10134,Gaze@CHI,ball
10134,Facial@MOT,neutral
10134,Gaze@MOT,invisible
10134,Action@MOT,spitting out the ball
10134,Laughter@CHI,L
10134,Laughable@CHI,mom spits the ball out of the mouth many times
10134,Arousal@CHI,high
10134,ReactionReason@CHI,Violation of event schema
10135,Gaze@CHI,ball
10135,Facial@MOT,neutral
10135,Gaze@MOT,invisible
10135,Action@MOT,putting the ball in mouth
10135,Laughter@CHI,L
10135,Laughable@CHI,mom spits the ball out of the mouth many times
10135,Arousal@CHI,high
10135,ReactionReason@CHI,Violation of event schema
10136,Gaze@CHI,ball
10136,Facial@MOT,neutral
10136,Gaze@MOT,invisible
10136,Action@MOT,putting the ball in mouth
10136,Laughter@CHI,L
10136,Laughable@CHI,mom spits the ball out of the mouth many times
10136,Arousal@CHI,high
10136,ReactionReason@CHI,Violation of event schema
10137,Gaze@CHI,ball
10137,Facial@MOT,neutral
10137,Gaze@MOT,invisible
10137,Action@MOT,putting the ball in mouth
10137,Laughter@CHI,L
10137,Laughable@CHI,mom spits the ball out of the mouth many times
10137,Arousal@CHI,high
10137,ReactionReason@CHI,Violation of event schema
10138,Gaze@CHI,ball
10138,Facial@MOT,neutral
10138,Gaze@MOT,invisible
10138,Action@MOT,putting the ball in mouth
10138,Laughter@CHI,L
10138,Laughable@CHI,mom spits the ball out of the mouth many times
10138,Arousal@CHI,high
10138,ReactionReason@CHI,Violation of event schema
10139,Gaze@CHI,ball
10139,Facial@MOT,neutral
10139,Gaze@MOT,invisible
10139,Action@MOT,putting the ball in mouth
10139,Laughter@CHI,L
10139,Laughable@CHI,mom spits the ball out of the mouth many times
10139,Arousal@CHI,high
10139,ReactionReason@CHI,Violation of event schema
10140,Facial@MOT,neutral
10140,Gaze@MOT,invisible
10140,Action@MOT,holding the ball in mouth
10140,Laughter@CHI,L
10140,Laughable@CHI,mom spits the ball out of the mouth many times
10140,Arousal@CHI,high
10140,ReactionReason@CHI,Violation of event schema
10141,Gaze@CHI,mom
10141,Facial@MOT,neutral
10141,Gaze@MOT,child
10141,Action@MOT,holding the ball in mouth
10141,Laughter@CHI,L
10141,Laughable@CHI,mom spits the ball out of the mouth many times
10141,Arousal@CHI,high
10141,ReactionReason@CHI,Violation of event schema
10142,Gaze@CHI,mom
10142,Facial@MOT,neutral
10142,Gaze@MOT,child
10142,Action@MOT,holding the ball in mouth
10142,Laughter@CHI,L
10142,Laughable@CHI,mom spits the ball out of the mouth many times
10142,Arousal@CHI,high
10142,ReactionReason@CHI,Violation of event schema
10143,Gaze@CHI,mom
10143,Facial@MOT,neutral
10143,Gaze@MOT,child
10143,Action@MOT,spitting out the ball
10143,Laughter@CHI,L
10143,Laughable@CHI,mom spits the ball out of the mouth many times
10143,Arousal@CHI,high
10143,ReactionReason@CHI,Violation of event schema
10144,Gaze@CHI,mom
10144,Facial@MOT,neutral
10144,Gaze@MOT,child
10144,Action@MOT,spitting out the ball
10144,Laughter@CHI,L
10144,Laughable@CHI,mom spits the ball out of the mouth many times
10144,Arousal@CHI,high
10144,ReactionReason@CHI,Violation of event schema
10145,Gaze@CHI,ball
10145,Facial@MOT,neutral
10145,Gaze@MOT,invisible
10145,Action@MOT,spitting out the ball
10145,Laughter@CHI,L
10145,Laughable@CHI,mom spits the ball out of the mouth many times
10145,Arousal@CHI,high
10145,ReactionReason@CHI,Violation of event schema
10146,Gaze@CHI,ball
10146,Facial@MOT,neutral
10146,Gaze@MOT,invisible
10146,Action@MOT,spitting out the ball
10146,Laughter@CHI,L
10146,Laughable@CHI,mom spits the ball out of the mouth many times
10146,Arousal@CHI,high
10146,ReactionReason@CHI,Violation of event schema
10147,Gaze@CHI,ball
10147,Facial@MOT,neutral
10147,Gaze@MOT,invisible
10147,Action@MOT,putting the ball in mouth
10147,Laughter@CHI,L
10147,Laughable@CHI,mom spits the ball out of the mouth many times
10147,Arousal@CHI,high
10147,ReactionReason@CHI,Violation of event schema
10148,Gaze@CHI,ball
10148,Facial@MOT,neutral
10148,Gaze@MOT,invisible
10148,Action@MOT,putting the ball in mouth
10148,Laughter@CHI,L
10148,Laughable@CHI,mom spits the ball out of the mouth many times
10148,Arousal@CHI,high
10148,ReactionReason@CHI,Violation of event schema
10149,Gaze@CHI,ball
10149,Facial@MOT,neutral
10149,Gaze@MOT,invisible
10149,Action@MOT,putting the ball in mouth
10149,Laughter@CHI,L
10149,Laughable@CHI,mom spits the ball out of the mouth many times
10149,Arousal@CHI,high
10149,ReactionReason@CHI,Violation of event schema
10150,Gaze@CHI,ball
10150,Facial@MOT,neutral
10150,Gaze@MOT,invisible
10150,Action@MOT,putting the ball in mouth
10150,Laughter@CHI,L
10150,Laughable@CHI,mom spits the ball out of the mouth many times
10150,Arousal@CHI,high
10150,ReactionReason@CHI,Violation of event schema
10151,Gaze@CHI,ball
10151,Facial@MOT,neutral
10151,Gaze@MOT,invisible
10151,Action@MOT,putting the ball in mouth
10151,ReactionReason@CHI,Violation of event schema
10152,Gaze@CHI,ball
10152,Facial@MOT,neutral
10152,Gaze@MOT,invisible
10152,Action@MOT,putting the ball in mouth
10152,ReactionReason@CHI,Violation of event schema
10153,Gaze@CHI,ball
10153,Facial@MOT,neutral
10153,Gaze@MOT,invisible
10153,Action@MOT,putting the ball in mouth
10153,Laughable@CHI,mom spits the ball out of the mouth
10153,ReactionReason@CHI,Violation of event schema
10154,Gaze@CHI,ball
10154,Facial@MOT,neutral
10154,Gaze@MOT,invisible
10154,Action@MOT,holding the ball in mouth
10154,Laughable@CHI,mom spits the ball out of the mouth
10154,ReactionReason@CHI,Violation of event schema
10155,Gaze@CHI,ball
10155,Facial@MOT,neutral
10155,Gaze@MOT,invisible
10155,Action@MOT,spitting out the ball
10155,ReactionReason@CHI,Violation of event schema
10156,Gaze@CHI,ball
10156,Facial@MOT,neutral
10156,Gaze@MOT,invisible
10156,Action@MOT,spitting out the ball
10156,ReactionReason@CHI,Violation of event schema
10157,Gaze@CHI,ball
10157,Gaze@MOT,invisible
10157,Action@MOT,picking up the ball
10157,ReactionReason@CHI,Violation of event schema
10158,Gaze@CHI,ball
10158,Gaze@MOT,invisible
10158,Action@MOT,picking up the ball
10158,Laughter@CHI,L
10158,Laughable@MOT,baby's exciting laugh
10158,Arousal@CHI,middle
10158,ReactionReason@CHI,Violation of event schema
10159,Gaze@CHI,ball
10159,Gaze@MOT,invisible
10159,Action@MOT,picking up the ball
10159,Laughter@CHI,L
10159,Laughable@MOT,baby's exciting laugh
10159,Arousal@CHI,middle
10159,ReactionReason@CHI,Violation of event schema
10160,Gaze@CHI,ball
10160,Gaze@MOT,invisible
10160,Action@MOT,picking up the ball
10160,Laughter@CHI,L
10160,Laughable@MOT,baby's exciting laugh
10160,Arousal@CHI,middle
10160,ReactionReason@CHI,Violation of event schema
10161,Gaze@CHI,mom
10161,Gaze@MOT,child
10161,Action@MOT,putting down the ball
10161,Laughter@CHI,L
10161,Laughable@MOT,baby's exciting laugh
10161,Arousal@CHI,middle
10161,ReactionReason@CHI,Violation of event schema
10162,Gaze@CHI,mom
10162,Facial@MOT,smile showing teeth
10162,Gaze@MOT,child
10162,Action@MOT,putting down the ball
10162,Laughter@CHI,L
10162,Laughable@MOT,baby's exciting laugh
10162,Laughter@MOT,L
10162,Arousal@CHI,middle
10162,ReactionReason@CHI,Violation of event schema
10163,Gaze@CHI,mom
10163,Facial@MOT,smile showing teeth
10163,Gaze@MOT,child
10163,Action@MOT,putting down the ball
10163,Laughter@CHI,L
10163,Laughable@MOT,baby's exciting laugh
10163,Laughter@MOT,L
10163,Arousal@CHI,middle
10163,ReactionReason@CHI,Violation of event schema
10164,Gaze@CHI,mom
10164,Facial@MOT,smile showing teeth
10164,Gaze@MOT,child
10164,Laughter@CHI,L
10164,Laughable@MOT,baby's exciting laugh
10164,Laughter@MOT,L
10164,Arousal@CHI,middle
10164,ReactionReason@CHI,Violation of event schema
10165,Gaze@CHI,mom
10165,Facial@MOT,smile showing teeth
10165,Gaze@MOT,child
10165,Action@MOT,clapping
10165,Laughter@CHI,L
10165,Laughable@MOT,baby's exciting laugh
10165,Laughter@MOT,L
10165,Arousal@CHI,middle
10165,ReactionReason@CHI,Violation of event schema
10166,Gaze@CHI,mom
10166,Facial@MOT,smile showing teeth
10166,Gaze@MOT,child
10166,Action@MOT,clapping
10166,Laughter@CHI,L
10166,Laughable@MOT,baby's exciting laugh
10166,Laughter@MOT,L
10166,Arousal@CHI,middle
10166,ReactionReason@CHI,Violation of event schema
10167,Gaze@CHI,mom
10167,Facial@MOT,smile showing teeth
10167,Gaze@MOT,child
10167,Action@MOT,clapping
10167,Laughter@CHI,L
10167,Laughable@MOT,baby's exciting laugh
10167,Laughter@MOT,L
10167,Arousal@CHI,middle
10167,ReactionReason@CHI,Violation of event schema
10168,Gaze@CHI,mom
10168,Facial@MOT,smile showing teeth
10168,Gaze@MOT,child
10168,Action@MOT,clapping
10168,Laughter@CHI,L
10168,Laughable@MOT,baby's exciting laugh
10168,Laughter@MOT,L
10168,Arousal@CHI,middle
10168,ReactionReason@CHI,Violation of event schema
10169,Gaze@CHI,mom
10169,Facial@MOT,smile showing teeth
10169,Gaze@MOT,child
10169,Action@MOT,clapping
10169,Laughter@CHI,L
10169,Laughable@MOT,baby's exciting laugh
10169,Laughter@MOT,L
10169,Arousal@CHI,middle
10169,ReactionReason@CHI,Violation of event schema
10170,Gaze@CHI,mom
10170,Facial@MOT,smile showing teeth
10170,Gaze@MOT,invisible
10170,Laughter@CHI,L
10170,Laughable@MOT,baby's exciting laugh
10170,Laughter@MOT,L
10170,Arousal@CHI,middle
10170,ReactionReason@CHI,Violation of event schema
10171,Gaze@CHI,mom
10171,Facial@MOT,smile showing teeth
10171,Gaze@MOT,invisible
10171,Laughter@CHI,L
10171,Laughable@MOT,baby's exciting laugh
10171,Laughter@MOT,L
10171,Arousal@CHI,middle
10171,ReactionReason@CHI,Violation of event schema
10172,Gaze@CHI,mom
10172,Facial@MOT,smile showing teeth
10172,Gaze@MOT,invisible
10172,Laughter@CHI,L
10172,Laughable@MOT,baby's exciting laugh
10172,Laughter@MOT,L
10172,Arousal@CHI,middle
10172,ReactionReason@CHI,Violation of event schema
10173,Gaze@CHI,mom
10173,Facial@MOT,smile showing teeth
10173,Gaze@MOT,invisible
10173,Laughter@CHI,L
10173,Laughable@MOT,baby's exciting laugh
10173,Laughter@MOT,L
10173,Arousal@CHI,middle
10173,ReactionReason@CHI,Violation of event schema
10174,Gaze@CHI,mom
10174,Facial@MOT,smile showing teeth
10174,Gaze@MOT,invisible
10174,Laughter@CHI,L
10174,Laughable@MOT,baby's exciting laugh
10174,Laughter@MOT,L
10174,Arousal@CHI,middle
10174,ReactionReason@CHI,Violation of event schema
10175,Gaze@CHI,mom
10175,Facial@MOT,invisible
10175,Gaze@MOT,invisible
10175,Laughter@CHI,L
10175,Laughable@MOT,baby's exciting laugh
10175,Laughter@MOT,L
10175,Arousal@CHI,middle
10175,ReactionReason@CHI,Violation of event schema
10176,Facial@MOT,invisible
10176,Gaze@MOT,invisible
10176,Laughter@CHI,L
10176,Laughable@MOT,baby's exciting laugh
10176,Laughter@MOT,L
10176,Arousal@CHI,middle
10176,ReactionReason@CHI,Violation of event schema
10177,Facial@MOT,invisible
10177,Gaze@MOT,invisible
10177,Laughter@CHI,L
10177,Laughable@MOT,baby's exciting laugh
10177,Arousal@CHI,middle
10177,ReactionReason@CHI,Violation of event schema
10178,Facial@MOT,invisible
10178,Gaze@MOT,toys
10178,Laughter@CHI,L
10178,Laughable@MOT,baby's exciting laugh
10178,Arousal@CHI,middle
10178,ReactionReason@CHI,Violation of event schema
10179,Facial@MOT,invisible
10179,Gaze@MOT,toys
10180,Gaze@CHI,ball
10180,Facial@MOT,invisible
10180,Gaze@MOT,toys
10181,Gaze@CHI,ball
10181,Facial@MOT,invisible
10181,Gaze@MOT,toys
10181,Action@CHI,picking up the ball
10182,Gaze@CHI,ball
10182,Facial@MOT,invisible
10182,Gaze@MOT,toys
10182,Action@CHI,picking up the ball
10183,Gaze@CHI,ball
10183,Facial@MOT,invisible
10183,Gaze@MOT,toys
10183,Action@CHI,picking up the ball
10183,Action@MOT,tossing the toy
10184,Gaze@CHI,ball
10184,Facial@MOT,invisible
10184,Gaze@MOT,toys
10184,Action@CHI,picking up the ball
10184,Action@MOT,tossing the toy
10185,Gaze@CHI,ball
10185,Facial@MOT,invisible
10185,Gaze@MOT,toys
10185,Action@CHI,picking up the ball
10185,Action@MOT,tossing the toy
10186,Gaze@CHI,ball
10186,Facial@MOT,invisible
10186,Gaze@MOT,toys
10186,Action@CHI,picking up the ball
10186,Action@MOT,tossing the toy
10187,Gaze@CHI,ball
10187,Facial@MOT,invisible
10187,Gaze@MOT,toys
10187,Action@CHI,picking up the ball
10187,Action@MOT,tossing the toy
10188,Gaze@CHI,ball
10188,Facial@MOT,invisible
10188,Gaze@MOT,invisible
10188,Action@CHI,picking up the ball
10188,Action@MOT,tossing the toy
10189,Gaze@CHI,ball
10189,Facial@MOT,invisible
10189,Gaze@MOT,invisible
10189,Action@CHI,picking up the ball
10189,Action@MOT,tossing the toy
10190,Gaze@CHI,ball
10190,Facial@MOT,invisible
10190,Gaze@MOT,invisible
10190,Action@CHI,picking up the ball
10190,Action@MOT,tossing the toy
10191,Gaze@CHI,ball
10191,Facial@MOT,invisible
10191,Gaze@MOT,invisible
10191,Action@CHI,picking up the ball
10191,Action@MOT,tossing the toy
10192,Gaze@CHI,ball
10192,Facial@MOT,invisible
10192,Gaze@MOT,invisible
10192,Action@CHI,picking up the ball
10192,Action@MOT,tossing the toy
10193,Facial@MOT,invisible
10193,Gaze@MOT,invisible
10193,Action@CHI,picking up the ball
10193,Action@MOT,tossing the toy
10194,Facial@MOT,invisible
10194,Gaze@MOT,invisible
10194,Action@CHI,picking up the ball
10194,Action@MOT,tossing the toy
10195,Facial@MOT,invisible
10195,Gaze@MOT,invisible
10195,Action@CHI,picking up the ball
10195,Action@MOT,tossing the toy
10196,Facial@MOT,invisible
10196,Gaze@MOT,invisible
10196,Action@CHI,giving the ball to mom
10196,Action@MOT,tossing the toy
10197,Facial@MOT,invisible
10197,Gaze@MOT,invisible
10197,Action@CHI,giving the ball to mom
10197,Action@MOT,tossing the toy
10198,Facial@MOT,invisible
10198,Gaze@MOT,invisible
10198,Action@CHI,giving the ball to mom
10198,Action@MOT,tossing the toy
10199,Facial@MOT,smile
10199,Gaze@MOT,invisible
10199,Action@CHI,giving the ball to mom
10199,Action@MOT,tossing the toy
10200,Facial@MOT,smile
10200,Gaze@MOT,invisible
10200,Action@CHI,giving the ball to mom
10200,Action@MOT,tossing the toy
10201,Facial@MOT,smile
10201,Gaze@MOT,invisible
10201,Action@CHI,giving the ball to mom
10201,Action@MOT,tossing the toy
10202,Gaze@CHI,mom
10202,Facial@MOT,smile
10202,Gaze@MOT,invisible
10202,Action@CHI,giving the ball to mom
10202,Action@MOT,tossing the toy
10203,Gaze@CHI,mom
10203,Facial@MOT,smile
10203,Gaze@MOT,toys
10203,Action@CHI,giving the ball to mom
10203,Action@MOT,tossing the toy
10204,Gaze@CHI,mom
10204,Facial@MOT,smile
10204,Gaze@MOT,toys
10204,Action@CHI,giving the ball to mom
10205,Gaze@CHI,mom
10205,Facial@MOT,smile
10205,Gaze@MOT,toys
10205,Action@CHI,giving the ball to mom
10206,Gaze@CHI,mom
10206,Facial@MOT,smile
10206,Gaze@MOT,toys
10206,Action@CHI,giving the ball to mom
10207,Gaze@CHI,mom
10207,Facial@MOT,smile
10207,Gaze@MOT,toys
10207,Action@CHI,giving the ball to mom
10208,Gaze@CHI,mom
10208,Facial@MOT,smile
10208,Gaze@MOT,toys
10208,Action@CHI,giving the ball to mom
10209,Gaze@CHI,mom
10209,Facial@MOT,smile
10209,Gaze@MOT,toys
10209,Action@CHI,giving the ball to mom
10210,Gaze@CHI,mom
10210,Facial@MOT,smile
10210,Gaze@MOT,toys
10210,Action@CHI,giving the ball to mom
10210,Laughable@CHI,baby expects that mom spit the ball out of mouth but mom just puts the ball in the bottle
10211,Gaze@CHI,mom
10211,Facial@MOT,smile
10211,Gaze@MOT,toys
10211,Action@CHI,giving the ball to mom
10211,Laughable@CHI,baby expects that mom spit the ball out of mouth but mom just puts the ball in the bottle
10212,Gaze@CHI,mom
10212,Facial@MOT,smile
10212,Gaze@MOT,toys
10212,Action@CHI,giving the ball to mom
10212,Laughter@CHI,L
10212,Laughable@CHI,baby expects that mom spit the ball out of mouth but mom just puts the ball in the bottle
10212,Arousal@CHI,low
10212,ReactionReason@CHI,Violation of behaviour schema
10213,Gaze@CHI,mom
10213,Facial@MOT,smile
10213,Gaze@MOT,toys
10213,Action@CHI,giving the ball to mom
10213,Laughter@CHI,L
10213,Laughable@CHI,baby expects that mom spit the ball out of mouth but mom just puts the ball in the bottle
10213,Arousal@CHI,low
10213,ReactionReason@CHI,Violation of behaviour schema
10214,Gaze@CHI,mom
10214,Facial@MOT,smile
10214,Gaze@MOT,toys
10214,Action@CHI,giving the ball to mom
10214,Laughter@CHI,L
10214,Laughable@CHI,baby expects that mom spit the ball out of mouth but mom just puts the ball in the bottle
10214,Arousal@CHI,low
10214,ReactionReason@CHI,Violation of behaviour schema
10215,Gaze@CHI,mom
10215,Facial@MOT,smile
10215,Gaze@MOT,toys
10215,Action@CHI,giving the ball to mom
10215,Laughter@CHI,L
10215,Laughable@CHI,baby expects that mom spit the ball out of mouth but mom just puts the ball in the bottle
10215,Arousal@CHI,low
10215,ReactionReason@CHI,Violation of behaviour schema
10216,Gaze@CHI,mom
10216,Facial@MOT,smile
10216,Gaze@MOT,toys
10216,Action@CHI,giving the ball to mom
10216,Laughter@CHI,L
10216,Laughable@CHI,baby expects that mom spit the ball out of mouth but mom just puts the ball in the bottle
10216,Arousal@CHI,low
10216,ReactionReason@CHI,Violation of behaviour schema
10217,Gaze@CHI,mom
10217,Facial@MOT,smile
10217,Gaze@MOT,toys
10217,Action@CHI,giving the ball to mom
10217,Laughter@CHI,L
10217,Laughable@CHI,baby expects that mom spit the ball out of mouth but mom just puts the ball in the bottle
10217,Arousal@CHI,low
10217,ReactionReason@CHI,Violation of behaviour schema
10218,Gaze@CHI,mom
10218,Facial@MOT,smile
10218,Gaze@MOT,toys
10218,Action@CHI,giving the ball to mom
10218,Laughter@CHI,L
10218,Laughable@CHI,baby expects that mom spit the ball out of mouth but mom just puts the ball in the bottle
10218,Arousal@CHI,low
10218,ReactionReason@CHI,Violation of behaviour schema
10219,Gaze@CHI,mom
10219,Facial@MOT,smile
10219,Gaze@MOT,toys
10219,Action@CHI,giving the ball to mom
10219,Laughter@CHI,L
10219,Laughable@CHI,baby expects that mom spit the ball out of mouth but mom just puts the ball in the bottle
10219,Arousal@CHI,low
10219,ReactionReason@CHI,Violation of behaviour schema
10220,Gaze@CHI,mom
10220,Facial@MOT,smile
10220,Gaze@MOT,toys
10220,Action@CHI,giving the ball to mom
10220,Laughter@CHI,L
10220,Laughable@CHI,baby expects that mom spit the ball out of mouth but mom just puts the ball in the bottle
10220,Arousal@CHI,low
10220,ReactionReason@CHI,Violation of behaviour schema
10221,Gaze@CHI,mom
10221,Facial@MOT,smile
10221,Gaze@MOT,toys
10221,Action@CHI,giving the ball to mom
10221,Laughter@CHI,L
10221,Laughable@CHI,baby expects that mom spit the ball out of mouth but mom just puts the ball in the bottle
10221,Arousal@CHI,low
10221,ReactionReason@CHI,Violation of behaviour schema
10222,Gaze@CHI,mom
10222,Facial@MOT,smile
10222,Gaze@MOT,toys
10222,Action@CHI,giving the ball to mom
10222,Laughter@CHI,L
10222,Laughable@CHI,baby expects that mom spit the ball out of mouth but mom just puts the ball in the bottle
10222,Arousal@CHI,low
10222,ReactionReason@CHI,Violation of behaviour schema
10223,Gaze@CHI,mom
10223,Facial@MOT,smile
10223,Gaze@MOT,toys
10223,Action@CHI,giving the ball to mom
10223,Laughter@CHI,L
10223,Laughable@CHI,baby expects that mom spit the ball out of mouth but mom just puts the ball in the bottle
10223,Arousal@CHI,low
10223,ReactionReason@CHI,Violation of behaviour schema
10224,Gaze@CHI,mom
10224,Facial@MOT,smile
10224,Gaze@MOT,toys
10224,Action@CHI,giving the ball to mom
10224,Action@MOT,taking the ball
10224,Laughter@CHI,L
10224,Laughable@CHI,baby expects that mom spit the ball out of mouth but mom just puts the ball in the bottle
10224,Arousal@CHI,low
10224,ReactionReason@CHI,Violation of behaviour schema
10225,Gaze@CHI,mom
10225,Facial@MOT,smile
10225,Gaze@MOT,toys
10225,Action@MOT,taking the ball
10225,Laughter@CHI,L
10225,Laughable@CHI,baby expects that mom spit the ball out of mouth but mom just puts the ball in the bottle
10225,Arousal@CHI,low
10225,ReactionReason@CHI,Violation of behaviour schema
10226,Gaze@CHI,mom
10226,Facial@MOT,smile
10226,Gaze@MOT,toys
10226,Action@MOT,taking the ball
10226,Laughter@CHI,L
10226,Laughable@CHI,baby expects that mom spit the ball out of mouth but mom just puts the ball in the bottle
10226,Arousal@CHI,low
10226,ReactionReason@CHI,Violation of behaviour schema
10227,Gaze@CHI,mom
10227,Facial@MOT,smile
10227,Gaze@MOT,toys
10227,Action@MOT,taking the ball
10227,Laughter@CHI,L
10227,Laughable@CHI,baby expects that mom spit the ball out of mouth but mom just puts the ball in the bottle
10227,Arousal@CHI,low
10227,ReactionReason@CHI,Violation of behaviour schema
10228,Gaze@CHI,mom
10228,Facial@MOT,smile
10228,Gaze@MOT,toys
10228,Action@MOT,taking the ball
10228,Laughter@CHI,L
10228,Laughable@CHI,baby expects that mom spit the ball out of mouth but mom just puts the ball in the bottle
10228,Arousal@CHI,low
10228,ReactionReason@CHI,Violation of behaviour schema
10229,Gaze@CHI,mom
10229,Facial@MOT,smile
10229,Gaze@MOT,toys
10229,Action@MOT,taking the ball
10229,Laughter@CHI,L
10229,Laughable@CHI,baby expects that mom spit the ball out of mouth but mom just puts the ball in the bottle
10229,Arousal@CHI,low
10229,ReactionReason@CHI,Violation of behaviour schema
10230,Gaze@CHI,mom
10230,Facial@MOT,smile
10230,Gaze@MOT,toys
10230,Action@MOT,building a toy pyramid
10230,Laughter@CHI,L
10230,Laughable@CHI,baby expects that mom spit the ball out of mouth but mom just puts the ball in the bottle
10230,Arousal@CHI,low
10230,ReactionReason@CHI,Violation of behaviour schema
10231,Gaze@CHI,mom
10231,Facial@MOT,smile
10231,Gaze@MOT,toys
10231,Action@MOT,building a toy pyramid
10231,Laughter@CHI,L
10231,Laughable@CHI,baby expects that mom spit the ball out of mouth but mom just puts the ball in the bottle
10231,Arousal@CHI,low
10231,ReactionReason@CHI,Violation of behaviour schema
10232,Gaze@CHI,mom
10232,Facial@MOT,smile
10232,Gaze@MOT,toys
10232,Action@MOT,building a toy pyramid
10232,Laughter@CHI,L
10232,Laughable@CHI,baby expects that mom spit the ball out of mouth but mom just puts the ball in the bottle
10232,Arousal@CHI,low
10232,ReactionReason@CHI,Violation of behaviour schema
10233,Gaze@CHI,mom
10233,Facial@MOT,smile
10233,Gaze@MOT,toys
10233,Action@MOT,building a toy pyramid
10233,Laughter@CHI,L
10233,Arousal@CHI,low
10233,ReactionReason@CHI,Violation of behaviour schema
10234,Facial@MOT,smile
10234,Gaze@MOT,toys
10234,Action@MOT,building a toy pyramid
10234,Laughter@CHI,L
10234,Arousal@CHI,low
10234,ReactionReason@CHI,Violation of behaviour schema
10235,Facial@MOT,invisible
10235,Gaze@MOT,toys
10235,Action@MOT,building a toy pyramid
10235,Laughter@CHI,L
10235,Arousal@CHI,low
10235,ReactionReason@CHI,Violation of behaviour schema
10236,Facial@MOT,invisible
10236,Gaze@MOT,toys
10236,Action@MOT,building a toy pyramid
10236,Laughter@CHI,L
10236,Arousal@CHI,low
10236,ReactionReason@CHI,Violation of behaviour schema
10237,Gaze@CHI,ball
10237,Facial@MOT,invisible
10237,Gaze@MOT,toys
10237,Action@MOT,building a toy pyramid
10237,Laughter@CHI,L
10237,Arousal@CHI,low
10237,ReactionReason@CHI,Violation of behaviour schema
10238,Gaze@CHI,ball
10238,Facial@MOT,invisible
10238,Gaze@MOT,toys
10238,Action@MOT,building a toy pyramid
10239,Gaze@CHI,ball
10239,Facial@MOT,invisible
10239,Gaze@MOT,toys
10239,Action@MOT,building a toy pyramid
10240,Gaze@CHI,ball
10240,Facial@MOT,invisible
10240,Gaze@MOT,toys
10240,Action@MOT,building a toy pyramid
10241,Gaze@CHI,ball
10241,Facial@MOT,invisible
10241,Gaze@MOT,toys
10241,Action@MOT,building a toy pyramid
10242,Gaze@CHI,ball
10242,Facial@MOT,invisible
10242,Gaze@MOT,toys
10242,Action@MOT,building a toy pyramid
10243,Gaze@CHI,ball
10243,Facial@MOT,invisible
10243,Gaze@MOT,toys
10243,Action@MOT,building a toy pyramid
10244,Gaze@CHI,ball
10244,Facial@MOT,invisible
10244,Gaze@MOT,toys
10244,Action@MOT,building a toy pyramid
10245,Gaze@CHI,ball
10245,Facial@MOT,invisible
10245,Gaze@MOT,invisible
10246,Gaze@CHI,ball
10246,Facial@MOT,invisible
10246,Gaze@MOT,invisible
10247,Gaze@CHI,ball
10247,Facial@MOT,invisible
10247,Gaze@MOT,invisible
10248,Gaze@CHI,ball
10248,Facial@MOT,invisible
10248,Gaze@MOT,invisible
10249,Gaze@CHI,ball
10249,Facial@MOT,invisible
10249,Gaze@MOT,invisible
10250,Gaze@CHI,toys
10250,Facial@MOT,invisible
10250,Gaze@MOT,invisible
10251,Gaze@CHI,toys
10251,Facial@MOT,invisible
10251,Gaze@MOT,invisible
10252,Gaze@CHI,toys
10252,Facial@MOT,invisible
10252,Gaze@MOT,invisible
10253,Gaze@CHI,toys
10253,Facial@MOT,invisible
10253,Gaze@MOT,invisible
10254,Gaze@CHI,toys
10254,Facial@MOT,invisible
10254,Gaze@MOT,invisible
10254,Action@CHI,pickipn up the glass
10255,Gaze@CHI,toys
10255,Facial@MOT,invisible
10255,Gaze@MOT,invisible
10255,Action@CHI,pickipn up the glass
10256,Gaze@CHI,toys
10256,Facial@MOT,invisible
10256,Gaze@MOT,invisible
10256,Action@CHI,pickipn up the glass
10257,Gaze@CHI,toys
10257,Facial@MOT,invisible
10257,Gaze@MOT,invisible
10257,Action@CHI,pickipn up the glass
10258,Gaze@CHI,toys
10258,Facial@MOT,invisible
10258,Gaze@MOT,invisible
10258,Action@CHI,pickipn up the glass
10259,Gaze@CHI,toys
10259,Facial@MOT,invisible
10259,Gaze@MOT,invisible
10259,Action@CHI,pickipn up the glass
10260,Gaze@CHI,toys
10260,Facial@MOT,invisible
10260,Gaze@MOT,invisible
10260,Action@CHI,pickipn up the glass
10261,Gaze@CHI,toys
10261,Facial@MOT,invisible
10261,Gaze@MOT,invisible
10261,Action@CHI,pickipn up the glass
10262,Gaze@CHI,toys
10262,Facial@MOT,invisible
10262,Gaze@MOT,invisible
10262,Action@CHI,pickipn up the glass
10263,Gaze@CHI,toys
10263,Facial@MOT,invisible
10263,Gaze@MOT,invisible
10263,Action@CHI,pickipn up the glass
10264,Gaze@CHI,toys
10264,Facial@MOT,invisible
10264,Gaze@MOT,invisible
10264,Action@CHI,pickipn up the glass
10265,Gaze@CHI,toys
10265,Facial@MOT,invisible
10265,Gaze@MOT,invisible
10265,Action@CHI,pickipn up the glass
10266,Gaze@CHI,toys
10266,Facial@MOT,invisible
10266,Gaze@MOT,invisible
10266,Action@CHI,taking the ball out of the glass
10267,Gaze@CHI,toys
10267,Facial@MOT,invisible
10267,Gaze@MOT,invisible
10267,Action@CHI,taking the ball out of the glass
10268,Gaze@CHI,toys
10268,Facial@MOT,invisible
10268,Gaze@MOT,invisible
10268,Action@CHI,taking the ball out of the glass
10269,Gaze@CHI,toys
10269,Facial@MOT,invisible
10269,Gaze@MOT,invisible
10269,Action@CHI,taking the ball out of the glass
10270,Gaze@CHI,toys
10270,Facial@MOT,invisible
10270,Gaze@MOT,invisible
10270,Action@CHI,taking the ball out of the glass
10271,Gaze@CHI,toys
10271,Facial@MOT,invisible
10271,Gaze@MOT,invisible
10271,Action@CHI,taking the ball out of the glass
10272,Gaze@CHI,toys
10272,Facial@MOT,invisible
10272,Gaze@MOT,invisible
10272,Action@CHI,taking the ball out of the glass
10273,Gaze@CHI,ball
10273,Facial@MOT,invisible
10273,Gaze@MOT,invisible
10273,Action@CHI,taking the ball out of the glass
10274,Gaze@CHI,ball
10274,Facial@MOT,invisible
10274,Gaze@MOT,invisible
10274,Action@CHI,taking the ball out of the glass
10275,Gaze@CHI,ball
10275,Facial@MOT,invisible
10275,Gaze@MOT,invisible
10275,Action@CHI,taking the ball out of the glass
10276,Gaze@CHI,ball
10276,Facial@MOT,invisible
10276,Gaze@MOT,invisible
10276,Action@CHI,taking the ball out of the glass
10277,Gaze@CHI,ball
10277,Facial@MOT,invisible
10277,Gaze@MOT,invisible
10277,Action@CHI,taking the ball out of the glass
10278,Gaze@CHI,ball
10278,Facial@MOT,invisible
10278,Gaze@MOT,invisible
10279,Gaze@CHI,ball
10279,Facial@MOT,invisible
10279,Gaze@MOT,invisible
10280,Gaze@CHI,ball
10280,Facial@MOT,invisible
10280,Gaze@MOT,invisible
10280,Action@MOT,building a toy pyramid
10281,Gaze@CHI,ball
10281,Facial@MOT,invisible
10281,Gaze@MOT,invisible
10281,Action@MOT,building a toy pyramid
10282,Gaze@CHI,ball
10282,Facial@MOT,invisible
10282,Gaze@MOT,invisible
10282,Action@MOT,building a toy pyramid
10283,Gaze@CHI,ball
10283,Facial@MOT,invisible
10283,Gaze@MOT,invisible
10283,Action@MOT,building a toy pyramid
10284,Gaze@CHI,ball
10284,Facial@MOT,invisible
10284,Gaze@MOT,invisible
10284,Action@MOT,building a toy pyramid
10285,Gaze@CHI,ball
10285,Facial@MOT,invisible
10285,Gaze@MOT,invisible
10285,Action@MOT,building a toy pyramid
10286,Gaze@CHI,ball
10286,Facial@MOT,invisible
10286,Gaze@MOT,invisible
10286,Action@MOT,building a toy pyramid
10287,Gaze@CHI,ball
10287,Facial@MOT,invisible
10287,Gaze@MOT,invisible
10287,Action@MOT,building a toy pyramid
10288,Gaze@CHI,ball
10288,Facial@MOT,invisible
10288,Gaze@MOT,invisible
10288,Action@MOT,building a toy pyramid
10289,Gaze@CHI,ball
10289,Facial@MOT,invisible
10289,Gaze@MOT,invisible
10289,Action@MOT,building a toy pyramid
10290,Gaze@CHI,ball
10290,Facial@MOT,invisible
10290,Gaze@MOT,invisible
10290,Action@MOT,building a toy pyramid
10291,Gaze@CHI,ball
10291,Facial@MOT,invisible
10291,Gaze@MOT,invisible
10291,Action@MOT,building a toy pyramid
10292,Gaze@CHI,ball
10292,Facial@MOT,invisible
10292,Gaze@MOT,invisible
10292,Action@MOT,building a toy pyramid
10293,Gaze@CHI,ball
10293,Facial@MOT,invisible
10293,Gaze@MOT,invisible
10293,Action@MOT,building a toy pyramid
10294,Gaze@CHI,ball
10294,Facial@MOT,invisible
10294,Gaze@MOT,invisible
10294,Action@MOT,building a toy pyramid
10295,Gaze@CHI,ball
10295,Facial@MOT,invisible
10295,Gaze@MOT,invisible
10295,Action@MOT,building a toy pyramid
10296,Gaze@CHI,ball
10296,Facial@MOT,invisible
10296,Gaze@MOT,invisible
10296,Action@MOT,building a toy pyramid
10297,Gaze@CHI,ball
10297,Facial@MOT,invisible
10297,Gaze@MOT,invisible
10297,Action@MOT,building a toy pyramid
10298,Gaze@CHI,ball
10298,Facial@MOT,invisible
10298,Gaze@MOT,invisible
10298,Action@MOT,building a toy pyramid
10299,Gaze@CHI,ball
10299,Facial@MOT,invisible
10299,Gaze@MOT,invisible
10299,Action@MOT,building a toy pyramid
10300,Gaze@CHI,ball
10300,Facial@MOT,invisible
10300,Gaze@MOT,invisible
10300,Action@MOT,building a toy pyramid
10301,Gaze@CHI,ball
10301,Facial@MOT,invisible
10301,Gaze@MOT,invisible
10301,Action@MOT,building a toy pyramid
10302,Gaze@CHI,ball
10302,Facial@MOT,invisible
10302,Gaze@MOT,invisible
10302,Action@MOT,building a toy pyramid
10303,Gaze@CHI,ball
10303,Facial@MOT,invisible
10303,Gaze@MOT,invisible
10303,Action@MOT,building a toy pyramid
10304,Gaze@CHI,ball
10304,Facial@MOT,invisible
10304,Gaze@MOT,invisible
10304,Action@MOT,building a toy pyramid
10305,Gaze@CHI,ball
10305,Facial@MOT,invisible
10305,Gaze@MOT,invisible
10305,Action@MOT,building a toy pyramid
10306,Gaze@CHI,ball
10306,Facial@MOT,invisible
10306,Gaze@MOT,invisible
10306,Action@CHI,trying to pick up the ball
10306,Action@MOT,building a toy pyramid
10307,Gaze@CHI,ball
10307,Facial@MOT,invisible
10307,Gaze@MOT,invisible
10307,Action@CHI,trying to pick up the ball
10307,Action@MOT,building a toy pyramid
10308,Gaze@CHI,ball
10308,Facial@MOT,invisible
10308,Gaze@MOT,invisible
10308,Action@CHI,trying to pick up the ball
10308,Action@MOT,building a toy pyramid
10309,Gaze@CHI,ball
10309,Facial@MOT,invisible
10309,Gaze@MOT,invisible
10309,Action@CHI,trying to pick up the ball
10309,Action@MOT,building a toy pyramid
10310,Gaze@CHI,ball
10310,Facial@MOT,invisible
10310,Gaze@MOT,invisible
10310,Action@CHI,trying to pick up the ball
10310,Action@MOT,building a toy pyramid
10311,Gaze@CHI,ball
10311,Facial@MOT,invisible
10311,Gaze@MOT,invisible
10311,Action@CHI,trying to pick up the ball
10311,Action@MOT,building a toy pyramid
10312,Gaze@CHI,ball
10312,Facial@MOT,invisible
10312,Gaze@MOT,invisible
10312,Action@CHI,trying to pick up the ball
10313,Gaze@CHI,toys
10313,Facial@MOT,invisible
10313,Gaze@MOT,invisible
10314,Gaze@CHI,toys
10314,Facial@MOT,invisible
10314,Gaze@MOT,invisible
10315,Gaze@CHI,toys
10315,Facial@MOT,invisible
10315,Gaze@MOT,invisible
10316,Gaze@CHI,toys
10316,Facial@MOT,invisible
10316,Gaze@MOT,invisible
10317,Gaze@CHI,toys
10317,Facial@MOT,invisible
10317,Utterance@CHI,excited breathing
10317,Gaze@MOT,invisible
10318,Gaze@CHI,toys
10318,Facial@MOT,invisible
10318,Utterance@CHI,excited breathing
10318,Gaze@MOT,invisible
10319,Gaze@CHI,toys
10319,Facial@MOT,invisible
10319,Utterance@CHI,excited breathing
10319,Gaze@MOT,invisible
10320,Gaze@CHI,toys
10320,Facial@MOT,invisible
10320,Utterance@CHI,excited breathing
10320,Gaze@MOT,invisible
10321,Gaze@CHI,toys
10321,Facial@MOT,invisible
10321,Utterance@CHI,excited breathing
10321,Gaze@MOT,invisible
10322,Gaze@CHI,toys
10322,Facial@MOT,invisible
10322,Utterance@CHI,excited breathing
10322,Gaze@MOT,invisible
10323,Gaze@CHI,toys
10323,Facial@MOT,invisible
10323,Utterance@CHI,excited breathing
10323,Gaze@MOT,invisible
10324,Gaze@CHI,toys
10324,Facial@MOT,invisible
10324,Utterance@CHI,excited breathing
10324,Gaze@MOT,invisible
10324,Action@CHI,dropping the glass
10325,Gaze@CHI,toys
10325,Facial@MOT,invisible
10325,Utterance@CHI,excited breathing
10325,Gaze@MOT,invisible
10325,Action@CHI,dropping the glass
10326,Gaze@CHI,toys
10326,Facial@MOT,invisible
10326,Utterance@CHI,excited breathing
10326,Gaze@MOT,invisible
10326,Action@CHI,dropping the glass
10327,Gaze@CHI,toys
10327,Facial@MOT,invisible
10327,Utterance@CHI,excited breathing
10327,Gaze@MOT,invisible
10327,Action@CHI,dropping the glass
10328,Gaze@CHI,toys
10328,Facial@MOT,invisible
10328,Utterance@CHI,excited breathing
10328,Gaze@MOT,invisible
10328,Action@CHI,dropping the glass
10329,Gaze@CHI,toys
10329,Facial@MOT,invisible
10329,Utterance@CHI,excited breathing
10329,Gaze@MOT,invisible
10329,Action@CHI,dropping the glass
10330,Gaze@CHI,toys
10330,Facial@MOT,invisible
10330,Utterance@CHI,excited breathing
10330,Gaze@MOT,invisible
10330,Action@CHI,dropping the glass
10331,Gaze@CHI,toys
10331,Facial@MOT,invisible
10331,Utterance@CHI,excited breathing
10331,Gaze@MOT,invisible
10331,Action@CHI,dropping the glass
10332,Gaze@CHI,toys
10332,Facial@MOT,invisible
10332,Utterance@CHI,excited breathing
10332,Gaze@MOT,invisible
10332,Action@CHI,dropping the glass
10333,Gaze@CHI,toys
10333,Facial@MOT,invisible
10333,Utterance@CHI,excited breathing
10333,Gaze@MOT,invisible
10333,Action@CHI,dropping the glass
10334,Gaze@CHI,toys
10334,Facial@MOT,invisible
10334,Utterance@CHI,excited breathing
10334,Gaze@MOT,invisible
10334,Action@CHI,dropping the glass
10335,Gaze@CHI,glass
10335,Facial@MOT,invisible
10335,Utterance@CHI,excited breathing
10335,Gaze@MOT,invisible
10336,Gaze@CHI,glass
10336,Facial@MOT,invisible
10336,Utterance@CHI,excited breathing
10336,Gaze@MOT,invisible
10337,Gaze@CHI,glass
10337,Facial@MOT,invisible
10337,Utterance@CHI,excited breathing
10337,Gaze@MOT,invisible
10338,Gaze@CHI,glass
10338,Facial@MOT,invisible
10338,Utterance@CHI,excited breathing
10338,Gaze@MOT,invisible
10339,Gaze@CHI,glass
10339,Facial@MOT,invisible
10339,Utterance@CHI,excited breathing
10339,Gaze@MOT,invisible
10340,Gaze@CHI,glass
10340,Facial@MOT,invisible
10340,Gaze@MOT,invisible
10340,Action@CHI,picking up the glass
10341,Gaze@CHI,glass
10341,Facial@MOT,invisible
10341,Gaze@MOT,invisible
10341,Action@CHI,picking up the glass
10342,Gaze@CHI,glass
10342,Facial@MOT,invisible
10342,Gaze@MOT,invisible
10342,Action@CHI,picking up the glass
10343,Gaze@CHI,glass
10343,Facial@MOT,invisible
10343,Gaze@MOT,invisible
10343,Action@CHI,picking up the glass
10344,Gaze@CHI,glass
10344,Facial@MOT,invisible
10344,Gaze@MOT,invisible
10344,Action@CHI,picking up the glass
10345,Gaze@CHI,glass
10345,Facial@MOT,invisible
10345,Gaze@MOT,invisible
10345,Action@CHI,picking up the glass
10346,Gaze@CHI,glass
10346,Facial@MOT,invisible
10346,Gaze@MOT,invisible
10346,Action@CHI,picking up the glass
10347,Gaze@CHI,glass
10347,Facial@MOT,invisible
10347,Gaze@MOT,invisible
10347,Action@CHI,picking up the glass
10348,Gaze@CHI,glass
10348,Facial@MOT,invisible
10348,Gaze@MOT,invisible
10348,Action@CHI,picking up the glass
10349,Gaze@CHI,glass
10349,Facial@MOT,invisible
10349,Gaze@MOT,invisible
10349,Action@CHI,picking up the glass
10350,Gaze@CHI,glass
10350,Facial@MOT,invisible
10350,Gaze@MOT,invisible
10350,Action@CHI,picking up the glass
10351,Gaze@CHI,glass
10351,Facial@MOT,invisible
10351,Gaze@MOT,invisible
10351,Action@CHI,picking up the glass
10352,Gaze@CHI,glass
10352,Facial@MOT,invisible
10352,Gaze@MOT,invisible
10352,Action@CHI,picking up the glass
10353,Gaze@CHI,glass
10353,Facial@MOT,invisible
10353,Gaze@MOT,invisible
10353,Action@CHI,picking up the glass
10354,Gaze@CHI,glass
10354,Facial@MOT,invisible
10354,Gaze@MOT,invisible
10354,Action@CHI,picking up the glass
10355,Gaze@CHI,glass
10355,Facial@MOT,invisible
10355,Gaze@MOT,invisible
10355,Action@CHI,picking up the glass
10356,Gaze@CHI,glass
10356,Facial@MOT,invisible
10356,Gaze@MOT,invisible
10356,Action@CHI,picking up the glass
10357,Gaze@CHI,glass
10357,Facial@MOT,invisible
10357,Gaze@MOT,invisible
10357,Action@CHI,picking up the glass
10358,Gaze@CHI,glass
10358,Facial@MOT,invisible
10358,Gaze@MOT,invisible
10358,Action@CHI,picking up the glass
10359,Gaze@CHI,glass
10359,Facial@MOT,invisible
10359,Gaze@MOT,invisible
10359,Action@CHI,picking up the glass
10360,Gaze@CHI,glass
10360,Facial@MOT,invisible
10360,Gaze@MOT,invisible
10360,Action@CHI,picking up the glass
10361,Gaze@CHI,glass
10361,Facial@MOT,invisible
10361,Gaze@MOT,invisible
10361,Action@CHI,picking up the glass
10362,Gaze@CHI,glass
10362,Facial@MOT,invisible
10362,Gaze@MOT,invisible
10362,Action@CHI,picking up the glass
10363,Gaze@CHI,glass
10363,Facial@MOT,invisible
10363,Gaze@MOT,invisible
10363,Action@CHI,picking up the glass
10364,Gaze@CHI,glass
10364,Facial@MOT,invisible
10364,Gaze@MOT,invisible
10364,Action@CHI,holding the glass
10365,Gaze@CHI,glass
10365,Facial@MOT,invisible
10365,Gaze@MOT,invisible
10365,Action@CHI,holding the glass
10366,Gaze@CHI,glass
10366,Facial@MOT,invisible
10366,Gaze@MOT,invisible
10366,Action@CHI,holding the glass
10367,Gaze@CHI,glass
10367,Facial@MOT,invisible
10367,Gaze@MOT,invisible
10367,Action@CHI,holding the glass
10368,Gaze@CHI,ball
10368,Facial@MOT,invisible
10368,Gaze@MOT,invisible
10368,Action@CHI,holding the glass
10369,Gaze@CHI,ball
10369,Facial@MOT,invisible
10369,Gaze@MOT,invisible
10369,Action@CHI,holding the glass
10370,Gaze@CHI,ball
10370,Facial@MOT,invisible
10370,Gaze@MOT,invisible
10370,Action@CHI,holding the glass
10371,Gaze@CHI,ball
10371,Facial@MOT,invisible
10371,Gaze@MOT,invisible
10371,Action@CHI,holding the glass
10372,Gaze@CHI,ball
10372,Facial@MOT,invisible
10372,Gaze@MOT,invisible
10372,Action@CHI,holding the glass
10373,Gaze@CHI,ball
10373,Facial@MOT,invisible
10373,Gaze@MOT,invisible
10373,Action@CHI,holding the glass
10374,Gaze@CHI,ball
10374,Facial@MOT,invisible
10374,Gaze@MOT,invisible
10374,Action@CHI,holding the glass
10375,Gaze@CHI,ball
10375,Facial@MOT,invisible
10375,Gaze@MOT,invisible
10375,Action@CHI,holding the glass
10376,Gaze@CHI,ball
10376,Facial@MOT,invisible
10376,Gaze@MOT,invisible
10376,Action@CHI,holding the glass
10377,Gaze@CHI,ball
10377,Facial@MOT,invisible
10377,Gaze@MOT,invisible
10377,Action@CHI,holding the glass
10378,Gaze@CHI,ball
10378,Facial@MOT,invisible
10378,Gaze@MOT,invisible
10378,Action@CHI,holding the glass
10379,Gaze@CHI,ball
10379,Facial@MOT,invisible
10379,Gaze@MOT,invisible
10379,Action@CHI,holding the glass
10380,Gaze@CHI,ball
10380,Facial@MOT,invisible
10380,Gaze@MOT,invisible
10380,Action@CHI,holding the glass
10381,Gaze@CHI,ball
10381,Facial@MOT,invisible
10381,Gaze@MOT,invisible
10381,Action@CHI,holding the glass
10382,Gaze@CHI,toy
10382,Facial@MOT,invisible
10382,Gaze@MOT,invisible
10382,Action@CHI,taking out the toy
10383,Gaze@CHI,toy
10383,Facial@MOT,invisible
10383,Gaze@MOT,invisible
10383,Action@CHI,taking out the toy
10384,Gaze@CHI,toy
10384,Facial@MOT,invisible
10384,Gaze@MOT,invisible
10384,Action@CHI,taking out the toy
10385,Gaze@CHI,toy
10385,Facial@MOT,invisible
10385,Gaze@MOT,invisible
10385,Action@CHI,taking out the toy
10386,Gaze@CHI,toy
10386,Facial@MOT,invisible
10386,Gaze@MOT,invisible
10386,Action@CHI,taking out the toy
10387,Gaze@CHI,toy
10387,Facial@MOT,invisible
10387,Utterance@CHI,focused breathing
10387,Gaze@MOT,invisible
10387,Action@CHI,taking out the toy
10388,Gaze@CHI,toy
10388,Facial@MOT,invisible
10388,Utterance@CHI,focused breathing
10388,Gaze@MOT,invisible
10388,Action@CHI,taking out the toy
10389,Gaze@CHI,toy
10389,Facial@MOT,invisible
10389,Utterance@CHI,focused breathing
10389,Gaze@MOT,invisible
10389,Action@CHI,taking out the toy
10390,Gaze@CHI,toy
10390,Facial@MOT,invisible
10390,Utterance@CHI,focused breathing
10390,Gaze@MOT,invisible
10390,Action@CHI,taking out the toy
10391,Gaze@CHI,toy
10391,Facial@MOT,invisible
10391,Utterance@CHI,focused breathing
10391,Gaze@MOT,invisible
10391,Action@CHI,taking out the toy
10392,Gaze@CHI,toy
10392,Facial@MOT,invisible
10392,Utterance@CHI,focused breathing
10392,Gaze@MOT,invisible
10392,Action@CHI,taking out the toy
10393,Gaze@CHI,toy
10393,Facial@MOT,invisible
10393,Utterance@CHI,focused breathing
10393,Gaze@MOT,invisible
10393,Action@CHI,taking out the toy
10394,Gaze@CHI,toy
10394,Facial@MOT,invisible
10394,Utterance@CHI,focused breathing
10394,Gaze@MOT,invisible
10394,Action@CHI,taking out the toy
10395,Gaze@CHI,toy
10395,Facial@MOT,invisible
10395,Gaze@MOT,invisible
10395,Action@CHI,taking out the toy
10396,Gaze@CHI,toy
10396,Facial@MOT,invisible
10396,Gaze@MOT,invisible
10396,Action@CHI,taking out the toy
10397,Gaze@CHI,toy
10397,Facial@MOT,invisible
10397,Gaze@MOT,invisible
10397,Action@CHI,taking out the toy
10398,Gaze@CHI,toy
10398,Facial@MOT,invisible
10398,Gaze@MOT,invisible
10398,Action@CHI,taking out the toy
10399,Gaze@CHI,toy
10399,Facial@MOT,invisible
10399,Gaze@MOT,invisible
10399,Action@CHI,taking out the toy
10400,Gaze@CHI,toy
10400,Facial@MOT,invisible
10400,Gaze@MOT,invisible
10400,Action@CHI,taking out the toy
10401,Gaze@CHI,toy
10401,Facial@MOT,invisible
10401,Gaze@MOT,invisible
10401,Action@CHI,taking out the toy
10402,Gaze@CHI,toy
10402,Facial@MOT,invisible
10402,Gaze@MOT,invisible
10402,Action@CHI,taking out the toy
10403,Gaze@CHI,toy
10403,Facial@MOT,invisible
10403,Gaze@MOT,invisible
10403,Action@CHI,taking out the toy
10404,Gaze@CHI,toy
10404,Facial@MOT,invisible
10404,Gaze@MOT,invisible
10404,Action@CHI,taking out the toy
10405,Gaze@CHI,toy
10405,Facial@MOT,invisible
10405,Gaze@MOT,invisible
10405,Action@CHI,taking out the toy
10406,Gaze@CHI,toy
10406,Facial@MOT,invisible
10406,Gaze@MOT,invisible
10406,Action@CHI,taking out the toy
10407,Gaze@CHI,toy
10407,Facial@MOT,invisible
10407,Utterance@CHI,focused breathing
10407,Gaze@MOT,invisible
10407,Action@CHI,taking out the toy
10408,Gaze@CHI,toy
10408,Facial@MOT,invisible
10408,Utterance@CHI,focused breathing
10408,Gaze@MOT,invisible
10408,Action@CHI,taking out the toy
10409,Gaze@CHI,toy
10409,Facial@MOT,invisible
10409,Utterance@CHI,focused breathing
10409,Gaze@MOT,invisible
10409,Action@CHI,taking out the toy
10410,Gaze@CHI,toy
10410,Facial@MOT,invisible
10410,Utterance@CHI,focused breathing
10410,Gaze@MOT,invisible
10410,Action@CHI,taking out the toy
10411,Gaze@CHI,toy
10411,Facial@MOT,invisible
10411,Utterance@CHI,focused breathing
10411,Gaze@MOT,invisible
10411,Action@CHI,taking out the toy
10412,Gaze@CHI,toy
10412,Facial@MOT,invisible
10412,Utterance@CHI,focused breathing
10412,Gaze@MOT,invisible
10412,Action@CHI,taking out the toy
10413,Gaze@CHI,toy
10413,Facial@MOT,invisible
10413,Utterance@CHI,focused breathing
10413,Gaze@MOT,invisible
10413,Action@CHI,taking out the toy
10414,Gaze@CHI,toy
10414,Facial@MOT,invisible
10414,Utterance@CHI,focused breathing
10414,Gaze@MOT,invisible
10414,Action@CHI,taking out the toy
10415,Gaze@CHI,toy
10415,Facial@MOT,invisible
10415,Utterance@CHI,focused breathing
10415,Gaze@MOT,invisible
10415,Action@CHI,taking out the toy
10416,Gaze@CHI,toy
10416,Facial@MOT,invisible
10416,Utterance@CHI,focused breathing
10416,Gaze@MOT,invisible
10416,Action@CHI,taking out the toy
10417,Gaze@CHI,toy
10417,Facial@MOT,invisible
10417,Gaze@MOT,invisible
10417,Action@CHI,taking out the toy
10418,Gaze@CHI,toy
10418,Facial@MOT,invisible
10418,Gaze@MOT,invisible
10418,Action@CHI,taking out the toy
10419,Gaze@CHI,toy
10419,Facial@MOT,invisible
10419,Gaze@MOT,invisible
10419,Action@CHI,taking out the toy
10420,Gaze@CHI,toy
10420,Facial@MOT,invisible
10420,Gaze@MOT,invisible
10420,Action@CHI,taking out the toy
10421,Gaze@CHI,toy
10421,Facial@MOT,invisible
10421,Gaze@MOT,invisible
10421,Action@CHI,taking out the toy
10422,Gaze@CHI,ball
10422,Facial@MOT,invisible
10422,Gaze@MOT,invisible
10422,Action@CHI,taking out the toy
10423,Gaze@CHI,ball
10423,Facial@MOT,invisible
10423,Gaze@MOT,invisible
10423,Action@CHI,taking out the toy
10424,Gaze@CHI,ball
10424,Facial@MOT,invisible
10424,Gaze@MOT,invisible
10424,Action@CHI,taking out the toy
10425,Gaze@CHI,ball
10425,Facial@MOT,invisible
10425,Gaze@MOT,invisible
10425,Action@CHI,taking out the toy
10426,Gaze@CHI,ball
10426,Facial@MOT,invisible
10426,Gaze@MOT,invisible
10426,Action@CHI,taking out the toy
10427,Gaze@CHI,ball
10427,Facial@MOT,invisible
10427,Gaze@MOT,invisible
10427,Action@CHI,taking out the toy
10428,Gaze@CHI,ball
10428,Facial@MOT,invisible
10428,Gaze@MOT,invisible
10428,Action@CHI,taking out the toy
10429,Gaze@CHI,ball
10429,Facial@MOT,invisible
10429,Gaze@MOT,invisible
10429,Action@CHI,taking out the toy
10430,Gaze@CHI,ball
10430,Facial@MOT,invisible
10430,Gaze@MOT,invisible
10430,Action@CHI,taking out the toy
10431,Gaze@CHI,ball
10431,Facial@MOT,invisible
10431,Gaze@MOT,invisible
10431,Action@CHI,taking out the toy
10432,Gaze@CHI,ball
10432,Facial@MOT,invisible
10432,Gaze@MOT,invisible
10432,Action@CHI,dropping the glass
10433,Gaze@CHI,ball
10433,Facial@MOT,invisible
10433,Gaze@MOT,invisible
10433,Action@CHI,dropping the glass
10434,Gaze@CHI,ball
10434,Facial@MOT,invisible
10434,Gaze@MOT,invisible
10434,Action@CHI,dropping the glass
10435,Gaze@CHI,ball
10435,Facial@MOT,invisible
10435,Gaze@MOT,invisible
10435,Action@CHI,dropping the glass
10436,Gaze@CHI,ball
10436,Facial@MOT,invisible
10436,Gaze@MOT,invisible
10436,Action@CHI,dropping the glass
10437,Gaze@CHI,ball
10437,Facial@MOT,invisible
10437,Gaze@MOT,invisible
10438,Gaze@CHI,ball
10438,Facial@MOT,invisible
10438,Gaze@MOT,invisible
10439,Gaze@CHI,ball
10439,Facial@MOT,invisible
10439,Gaze@MOT,invisible
10440,Gaze@CHI,ball
10440,Facial@MOT,invisible
10440,Gaze@MOT,invisible
10441,Gaze@CHI,ball
10441,Facial@MOT,invisible
10441,Gaze@MOT,invisible
10442,Gaze@CHI,ball
10442,Facial@MOT,invisible
10442,Gaze@MOT,invisible
10443,Gaze@CHI,glass
10443,Facial@MOT,invisible
10443,Gaze@MOT,invisible
10444,Gaze@CHI,glass
10444,Facial@MOT,invisible
10444,Gaze@MOT,invisible
10444,Action@CHI,picking up the glass
10445,Gaze@CHI,glass
10445,Facial@MOT,invisible
10445,Gaze@MOT,invisible
10445,Action@CHI,picking up the glass
10446,Gaze@CHI,glass
10446,Facial@MOT,invisible
10446,Gaze@MOT,invisible
10446,Action@CHI,picking up the glass
10447,Gaze@CHI,glass
10447,Facial@MOT,invisible
10447,Gaze@MOT,invisible
10447,Action@CHI,picking up the glass
10448,Gaze@CHI,glass
10448,Facial@MOT,invisible
10448,Gaze@MOT,invisible
10448,Action@CHI,picking up the glass
10449,Gaze@CHI,glass
10449,Facial@MOT,invisible
10449,Gaze@MOT,invisible
10449,Action@CHI,picking up the glass
10449,Laughable@CHI,baby finds a yellow ball in the bottle
10450,Gaze@CHI,glass
10450,Facial@MOT,invisible
10450,Gaze@MOT,invisible
10450,Action@CHI,picking up the glass
10450,Laughable@CHI,baby finds a yellow ball in the bottle
10451,Gaze@CHI,glass
10451,Facial@MOT,invisible
10451,Gaze@MOT,invisible
10451,Action@CHI,picking up the glass
10451,Laughable@CHI,baby finds a yellow ball in the bottle
10452,Gaze@CHI,glass
10452,Facial@MOT,invisible
10452,Gaze@MOT,invisible
10452,Action@CHI,picking up the glass
10452,Laughable@CHI,baby finds a yellow ball in the bottle
10453,Gaze@CHI,glass
10453,Facial@MOT,invisible
10453,Gaze@MOT,invisible
10453,Action@CHI,picking up the glass
10453,Laughable@CHI,baby finds a yellow ball in the bottle
10454,Gaze@CHI,glass
10454,Facial@MOT,invisible
10454,Gaze@MOT,invisible
10454,Laughable@CHI,baby finds a yellow ball in the bottle
10455,Gaze@CHI,ball
10455,Facial@MOT,invisible
10455,Gaze@MOT,invisible
10455,Laughable@CHI,baby finds a yellow ball in the bottle
10456,Gaze@CHI,ball
10456,Facial@MOT,invisible
10456,Gaze@MOT,invisible
10456,Laughable@CHI,baby finds a yellow ball in the bottle
10457,Gaze@CHI,ball
10457,Facial@MOT,invisible
10457,Gaze@MOT,invisible
10457,Action@CHI,picking up the ball
10457,Laughable@CHI,baby finds a yellow ball in the bottle
10458,Gaze@CHI,ball
10458,Facial@MOT,invisible
10458,Gaze@MOT,invisible
10458,Action@CHI,picking up the ball
10458,Laughable@CHI,baby finds a yellow ball in the bottle
10459,Gaze@CHI,ball
10459,Facial@MOT,invisible
10459,Gaze@MOT,invisible
10459,Action@CHI,picking up the ball
10459,Laughable@CHI,baby finds a yellow ball in the bottle
10460,Gaze@CHI,ball
10460,Facial@MOT,invisible
10460,Gaze@MOT,invisible
10460,Action@CHI,picking up the ball
10460,Laughable@CHI,baby finds a yellow ball in the bottle
10461,Gaze@CHI,ball
10461,Facial@MOT,invisible
10461,Gaze@MOT,invisible
10461,Action@CHI,picking up the ball
10461,Laughter@CHI,L
10461,Laughable@CHI,baby finds a yellow ball in the bottle
10461,Arousal@CHI,low
10461,ReactionReason@CHI,Conformity to object schema
10462,Gaze@CHI,ball
10462,Facial@MOT,invisible
10462,Gaze@MOT,invisible
10462,Action@CHI,picking up the ball
10462,Laughter@CHI,L
10462,Laughable@CHI,baby finds a yellow ball in the bottle
10462,Arousal@CHI,low
10462,ReactionReason@CHI,Conformity to object schema
10463,Gaze@CHI,ball
10463,Facial@MOT,invisible
10463,Gaze@MOT,invisible
10463,Action@CHI,picking up the ball
10463,Laughter@CHI,L
10463,Laughable@CHI,baby finds a yellow ball in the bottle
10463,Arousal@CHI,low
10463,ReactionReason@CHI,Conformity to object schema
10464,Gaze@CHI,ball
10464,Facial@MOT,invisible
10464,Gaze@MOT,invisible
10464,Action@CHI,picking up the ball
10464,Laughter@CHI,L
10464,Laughable@CHI,baby finds a yellow ball in the bottle
10464,Arousal@CHI,low
10464,ReactionReason@CHI,Conformity to object schema
10465,Gaze@CHI,ball
10465,Facial@MOT,invisible
10465,Gaze@MOT,invisible
10465,Action@CHI,picking up the ball
10465,Laughter@CHI,L
10465,Laughable@CHI,baby finds a yellow ball in the bottle
10465,Arousal@CHI,low
10465,ReactionReason@CHI,Conformity to object schema
10466,Gaze@CHI,ball
10466,Facial@MOT,invisible
10466,Gaze@MOT,invisible
10466,Action@CHI,picking up the ball
10466,Laughter@CHI,L
10466,Laughable@CHI,baby finds a yellow ball in the bottle
10466,Arousal@CHI,low
10466,ReactionReason@CHI,Conformity to object schema
10467,Gaze@CHI,ball
10467,Facial@MOT,invisible
10467,Gaze@MOT,invisible
10467,Action@CHI,picking up the ball
10467,Laughter@CHI,L
10467,Laughable@CHI,baby finds a yellow ball in the bottle
10467,Arousal@CHI,low
10467,ReactionReason@CHI,Conformity to object schema
10468,Gaze@CHI,ball
10468,Facial@MOT,invisible
10468,Gaze@MOT,invisible
10468,Action@CHI,picking up the ball
10468,Laughter@CHI,L
10468,Laughable@CHI,baby finds a yellow ball in the bottle
10468,Arousal@CHI,low
10468,ReactionReason@CHI,Conformity to object schema
10469,Gaze@CHI,ball
10469,Facial@MOT,invisible
10469,Gaze@MOT,invisible
10469,Action@CHI,picking up the ball
10469,Laughter@CHI,L
10469,Laughable@CHI,baby finds a yellow ball in the bottle
10469,Arousal@CHI,low
10469,ReactionReason@CHI,Conformity to object schema
10470,Gaze@CHI,ball
10470,Facial@MOT,invisible
10470,Gaze@MOT,invisible
10470,Action@CHI,picking up the ball
10470,Laughter@CHI,L
10470,Arousal@CHI,low
10470,ReactionReason@CHI,Conformity to object schema
10471,Gaze@CHI,ball
10471,Facial@MOT,invisible
10471,Gaze@MOT,invisible
10471,Action@CHI,picking up the ball
10471,Laughter@CHI,L
10471,Arousal@CHI,low
10471,ReactionReason@CHI,Conformity to object schema
10472,Gaze@CHI,ball
10472,Facial@MOT,invisible
10472,Gaze@MOT,invisible
10472,Action@CHI,picking up the ball
10472,Laughter@CHI,L
10472,Arousal@CHI,low
10472,ReactionReason@CHI,Conformity to object schema
10473,Gaze@CHI,ball
10473,Facial@MOT,invisible
10473,Gaze@MOT,invisible
10473,Action@CHI,picking up the ball
10473,Laughter@CHI,L
10473,Arousal@CHI,low
10473,ReactionReason@CHI,Conformity to object schema
10474,Gaze@CHI,ball
10474,Facial@MOT,invisible
10474,Gaze@MOT,invisible
10474,Action@CHI,picking up the ball
10474,Laughter@CHI,L
10474,Arousal@CHI,low
10474,ReactionReason@CHI,Conformity to object schema
10475,Gaze@CHI,ball
10475,Facial@MOT,invisible
10475,Gaze@MOT,invisible
10475,Action@CHI,picking up the ball
10475,Laughter@CHI,L
10475,Arousal@CHI,low
10475,ReactionReason@CHI,Conformity to object schema
10476,Gaze@CHI,ball
10476,Facial@MOT,invisible
10476,Gaze@MOT,invisible
10476,Action@CHI,picking up the ball
10476,Laughter@CHI,L
10476,Arousal@CHI,low
10476,ReactionReason@CHI,Conformity to object schema
10477,Gaze@CHI,ball
10477,Facial@MOT,invisible
10477,Gaze@MOT,invisible
10477,Action@CHI,picking up the ball
10478,Gaze@CHI,ball
10478,Facial@MOT,invisible
10478,Gaze@MOT,invisible
10478,Action@CHI,picking up the ball
10479,Gaze@CHI,ball
10479,Facial@MOT,invisible
10479,Gaze@MOT,invisible
10479,Action@CHI,picking up the ball
10480,Gaze@CHI,ball
10480,Facial@MOT,invisible
10480,Gaze@MOT,invisible
10480,Action@CHI,picking up the ball
10481,Gaze@CHI,ball
10481,Facial@MOT,invisible
10481,Gaze@MOT,invisible
10481,Action@CHI,picking up the ball
10482,Gaze@CHI,ball
10482,Facial@MOT,invisible
10482,Gaze@MOT,invisible
10482,Action@CHI,picking up the ball
10483,Gaze@CHI,ball
10483,Facial@MOT,invisible
10483,Gaze@MOT,invisible
10483,Action@CHI,picking up the ball
10484,Facial@MOT,invisible
10484,Gaze@MOT,invisible
10484,Action@CHI,picking up the ball
10485,Gaze@CHI,mom
10485,Facial@MOT,invisible
10485,Gaze@MOT,invisible
10485,Action@CHI,picking up the ball
10486,Gaze@CHI,mom
10486,Facial@MOT,invisible
10486,Gaze@MOT,invisible
10487,Gaze@CHI,mom
10487,Facial@MOT,invisible
10487,Gaze@MOT,invisible
10488,Gaze@CHI,mom
10488,Facial@MOT,invisible
10488,Gaze@MOT,invisible
10489,Gaze@CHI,mom
10489,Facial@MOT,invisible
10489,Gaze@MOT,invisible
10490,Gaze@CHI,mom
10490,Facial@MOT,invisible
10490,Gaze@MOT,invisible
10491,Gaze@CHI,mom
10491,Facial@MOT,invisible
10491,Gaze@MOT,invisible
10492,Gaze@CHI,mom
10492,Facial@MOT,invisible
10492,Gaze@MOT,invisible
10493,Gaze@CHI,mom
10493,Facial@MOT,invisible
10493,Gaze@MOT,child
10493,Action@CHI,giving the ball to mom
10494,Gaze@CHI,mom
10494,Facial@MOT,invisible
10494,Gaze@MOT,child
10494,Action@CHI,giving the ball to mom
10495,Gaze@CHI,mom
10495,Facial@MOT,invisible
10495,Gaze@MOT,child
10495,Action@CHI,giving the ball to mom
10495,Action@MOT,extending a hand
10496,Gaze@CHI,mom
10496,Facial@MOT,biting lower lip
10496,Gaze@MOT,child
10496,Action@CHI,giving the ball to mom
10496,Action@MOT,extending a hand
10497,Gaze@CHI,mom
10497,Facial@MOT,biting lower lip
10497,Gaze@MOT,child
10497,Action@CHI,giving the ball to mom
10497,Action@MOT,extending a hand
10498,Gaze@CHI,mom
10498,Facial@MOT,biting lower lip
10498,Gaze@MOT,child
10498,Action@CHI,giving the ball to mom
10498,Action@MOT,extending a hand
10499,Gaze@CHI,mom
10499,Facial@MOT,biting lower lip
10499,Gaze@MOT,child
10499,Action@CHI,giving the ball to mom
10499,Action@MOT,extending a hand
10500,Gaze@CHI,mom
10500,Facial@MOT,biting lower lip
10500,Gaze@MOT,child
10500,Action@CHI,giving the ball to mom
10500,Action@MOT,extending a hand
10501,Gaze@CHI,mom
10501,Facial@MOT,biting lower lip
10501,Gaze@MOT,child
10501,Action@CHI,giving the ball to mom
10501,Action@MOT,extending a hand
10502,Gaze@CHI,mom
10502,Facial@MOT,biting lower lip
10502,Gaze@MOT,child
10502,Action@CHI,giving the ball to mom
10502,Action@MOT,taking the ball
10503,Gaze@CHI,mom
10503,Facial@MOT,biting lower lip
10503,Gaze@MOT,ball
10503,Action@CHI,giving the ball to mom
10503,Action@MOT,taking the ball
10504,Gaze@CHI,mom
10504,Facial@MOT,biting lower lip
10504,Gaze@MOT,ball
10504,Action@CHI,giving the ball to mom
10504,Action@MOT,taking the ball
10505,Gaze@CHI,mom
10505,Facial@MOT,biting lower lip
10505,Gaze@MOT,ball
10505,Action@CHI,giving the ball to mom
10505,Action@MOT,taking the ball
10506,Gaze@CHI,mom
10506,Facial@MOT,biting lower lip
10506,Gaze@MOT,child
10506,Action@MOT,taking the ball
10507,Gaze@CHI,mom
10507,Facial@MOT,biting lower lip
10507,Gaze@MOT,child
10507,Action@MOT,taking the ball
10508,Gaze@CHI,mom
10508,Facial@MOT,biting lower lip
10508,Gaze@MOT,child
10509,Gaze@CHI,mom
10509,Facial@MOT,biting lower lip
10509,Gaze@MOT,child
10510,Gaze@CHI,mom
10510,Facial@MOT,biting lower lip
10510,Gaze@MOT,child
10511,Gaze@CHI,mom
10511,Facial@MOT,biting lower lip
10511,Gaze@MOT,child
10512,Gaze@CHI,mom
10512,Facial@MOT,biting lower lip
10512,Gaze@MOT,toys
10512,Action@MOT,building a toy pyramid
10513,Gaze@CHI,mom
10513,Facial@MOT,biting lower lip
10513,Gaze@MOT,toys
10513,Action@MOT,building a toy pyramid
10514,Gaze@CHI,mom
10514,Facial@MOT,neutral
10514,Gaze@MOT,toys
10514,Action@MOT,building a toy pyramid
10515,Gaze@CHI,mom
10515,Facial@MOT,neutral
10515,Gaze@MOT,toys
10515,Action@MOT,building a toy pyramid
10516,Gaze@CHI,mom
10516,Facial@MOT,neutral
10516,Gaze@MOT,toys
10516,Action@MOT,building a toy pyramid
10517,Gaze@CHI,mom
10517,Facial@MOT,neutral
10517,Gaze@MOT,toys
10517,Action@MOT,building a toy pyramid
10518,Gaze@CHI,mom
10518,Facial@MOT,neutral
10518,Gaze@MOT,toys
10518,Action@MOT,building a toy pyramid
10519,Gaze@CHI,mom
10519,Facial@MOT,neutral
10519,Gaze@MOT,toys
10519,Action@MOT,building a toy pyramid
10520,Gaze@CHI,ball
10520,Facial@MOT,neutral
10520,Gaze@MOT,toys
10520,Action@MOT,building a toy pyramid
10521,Gaze@CHI,ball
10521,Facial@MOT,neutral
10521,Gaze@MOT,toys
10521,Action@MOT,building a toy pyramid
10522,Gaze@CHI,ball
10522,Facial@MOT,invisible
10522,Gaze@MOT,toys
10522,Action@MOT,building a toy pyramid
10523,Gaze@CHI,ball
10523,Facial@MOT,invisible
10523,Gaze@MOT,toys
10523,Action@MOT,building a toy pyramid
10524,Gaze@CHI,ball
10524,Facial@MOT,invisible
10524,Gaze@MOT,toys
10524,Action@MOT,building a toy pyramid
10525,Gaze@CHI,ball
10525,Facial@MOT,invisible
10525,Gaze@MOT,toys
10525,Action@MOT,building a toy pyramid
10526,Gaze@CHI,ball
10526,Facial@MOT,invisible
10526,Gaze@MOT,toys
10526,Action@MOT,building a toy pyramid
10527,Gaze@CHI,ball
10527,Facial@MOT,invisible
10527,Gaze@MOT,toys
10527,Action@MOT,building a toy pyramid
10528,Gaze@CHI,ball
10528,Facial@MOT,invisible
10528,Gaze@MOT,toys
10528,Action@MOT,building a toy pyramid
10529,Gaze@CHI,ball
10529,Facial@MOT,invisible
10529,Gaze@MOT,toys
10529,Action@MOT,building a toy pyramid
10530,Gaze@CHI,toys
10530,Facial@MOT,invisible
10530,Gaze@MOT,toys
10530,Action@MOT,building a toy pyramid
10531,Gaze@CHI,toys
10531,Facial@MOT,invisible
10531,Utterance@CHI,eh
10531,Prosody@CHI,falling
10531,Gaze@MOT,toys
10531,Action@MOT,building a toy pyramid
10531,Arousal@CHI,low
10532,Gaze@CHI,toys
10532,Facial@MOT,invisible
10532,Utterance@CHI,eh
10532,Prosody@CHI,falling
10532,Gaze@MOT,toys
10532,Action@MOT,building a toy pyramid
10532,Arousal@CHI,low
10533,Gaze@CHI,toys
10533,Facial@MOT,invisible
10533,Utterance@CHI,eh
10533,Prosody@CHI,falling
10533,Gaze@MOT,toys
10533,Action@MOT,building a toy pyramid
10533,Arousal@CHI,low
10534,Gaze@CHI,toys
10534,Facial@MOT,invisible
10534,Utterance@CHI,eh
10534,Prosody@CHI,falling
10534,Gaze@MOT,toys
10534,Action@MOT,building a toy pyramid
10534,Arousal@CHI,low
10535,Gaze@CHI,toys
10535,Facial@MOT,invisible
10535,Utterance@CHI,eh
10535,Prosody@CHI,falling
10535,Gaze@MOT,toys
10535,Action@MOT,building a toy pyramid
10535,Arousal@CHI,low
10536,Gaze@CHI,toys
10536,Facial@MOT,invisible
10536,Gaze@MOT,toys
10536,Action@MOT,building a toy pyramid
10537,Gaze@CHI,toys
10537,Facial@MOT,invisible
10537,Utterance@CHI,focused breathing
10537,Gaze@MOT,toys
10537,Action@MOT,building a toy pyramid
10538,Gaze@CHI,toys
10538,Facial@MOT,invisible
10538,Utterance@CHI,focused breathing
10538,Gaze@MOT,toys
10538,Action@MOT,building a toy pyramid
10539,Gaze@CHI,toys
10539,Facial@MOT,invisible
10539,Utterance@CHI,focused breathing
10539,Gaze@MOT,toys
10539,Action@MOT,building a toy pyramid
10540,Gaze@CHI,toys
10540,Facial@MOT,invisible
10540,Utterance@CHI,focused breathing
10540,Gaze@MOT,toys
10540,Action@MOT,building a toy pyramid
10541,Gaze@CHI,toys
10541,Facial@MOT,invisible
10541,Utterance@CHI,focused breathing
10541,Gaze@MOT,toys
10541,Action@MOT,building a toy pyramid
10542,Gaze@CHI,toys
10542,Facial@MOT,invisible
10542,Utterance@CHI,focused breathing
10542,Gaze@MOT,toys
10542,Action@MOT,building a toy pyramid
10543,Gaze@CHI,toys
10543,Facial@MOT,invisible
10543,Utterance@CHI,focused breathing
10543,Gaze@MOT,toys
10543,Action@CHI,dropping the glass
10543,Action@MOT,building a toy pyramid
10544,Gaze@CHI,toys
10544,Facial@MOT,invisible
10544,Utterance@CHI,focused breathing
10544,Gaze@MOT,toys
10544,Action@CHI,dropping the glass
10544,Action@MOT,building a toy pyramid
10545,Gaze@CHI,toys
10545,Facial@MOT,invisible
10545,Utterance@CHI,focused breathing
10545,Gaze@MOT,toys
10545,Action@CHI,dropping the glass
10545,Action@MOT,building a toy pyramid
10546,Gaze@CHI,toys
10546,Facial@MOT,invisible
10546,Utterance@CHI,focused breathing
10546,Gaze@MOT,toys
10546,Action@CHI,dropping the glass
10546,Action@MOT,building a toy pyramid
10547,Gaze@CHI,toys
10547,Facial@MOT,invisible
10547,Utterance@CHI,focused breathing
10547,Gaze@MOT,toys
10547,Action@CHI,dropping the glass
10547,Action@MOT,building a toy pyramid
10548,Gaze@CHI,toys
10548,Facial@MOT,invisible
10548,Utterance@CHI,focused breathing
10548,Gaze@MOT,toys
10548,Action@CHI,dropping the glass
10548,Action@MOT,building a toy pyramid
10549,Gaze@CHI,toys
10549,Facial@MOT,invisible
10549,Utterance@CHI,focused breathing
10549,Gaze@MOT,toys
10549,Action@CHI,dropping the glass
10549,Action@MOT,building a toy pyramid
10550,Gaze@CHI,toys
10550,Facial@MOT,invisible
10550,Utterance@CHI,focused breathing
10550,Gaze@MOT,toys
10550,Action@CHI,dropping the glass
10550,Action@MOT,building a toy pyramid
10551,Gaze@CHI,toys
10551,Facial@MOT,invisible
10551,Utterance@CHI,focused breathing
10551,Gaze@MOT,toys
10551,Action@CHI,dropping the glass
10551,Action@MOT,building a toy pyramid
10552,Gaze@CHI,toys
10552,Facial@MOT,invisible
10552,Utterance@CHI,focused breathing
10552,Gaze@MOT,toys
10552,Action@CHI,dropping the glass
10553,Gaze@CHI,toys
10553,Facial@MOT,invisible
10553,Utterance@CHI,focused breathing
10553,Gaze@MOT,toys
10553,Action@CHI,dropping the glass
10554,Gaze@CHI,toys
10554,Facial@MOT,invisible
10554,Utterance@CHI,focused breathing
10554,Gaze@MOT,toys
10554,Action@CHI,dropping the glass
10555,Gaze@CHI,toys
10555,Facial@MOT,invisible
10555,Utterance@CHI,focused breathing
10555,Gaze@MOT,toys
10555,Action@CHI,dropping the glass
10556,Gaze@CHI,toys
10556,Facial@MOT,invisible
10556,Utterance@CHI,focused breathing
10556,Gaze@MOT,toys
10556,Action@CHI,dropping the glass
10557,Gaze@CHI,ball
10557,Facial@MOT,invisible
10557,Utterance@CHI,focused breathing
10557,Gaze@MOT,toys
10557,Action@CHI,dropping the glass
10558,Gaze@CHI,ball
10558,Facial@MOT,invisible
10558,Utterance@CHI,focused breathing
10558,Gaze@MOT,toys
10558,Action@CHI,dropping the glass
10559,Gaze@CHI,ball
10559,Facial@MOT,invisible
10559,Utterance@CHI,focused breathing
10559,Gaze@MOT,toys
10559,Action@CHI,dropping the glass
10560,Gaze@CHI,ball
10560,Facial@MOT,invisible
10560,Utterance@CHI,focused breathing
10560,Gaze@MOT,toys
10560,Action@CHI,dropping the glass
10561,Gaze@CHI,ball
10561,Facial@MOT,invisible
10561,Utterance@CHI,focused breathing
10561,Gaze@MOT,toys
10561,Action@CHI,dropping the glass
10562,Gaze@CHI,ball
10562,Facial@MOT,invisible
10562,Utterance@CHI,focused breathing
10562,Gaze@MOT,invisible
10562,Action@CHI,dropping the glass
10563,Gaze@CHI,ball
10563,Facial@MOT,invisible
10563,Utterance@CHI,focused breathing
10563,Gaze@MOT,invisible
10563,Action@CHI,dropping the glass
10564,Gaze@CHI,ball
10564,Facial@MOT,invisible
10564,Utterance@CHI,focused breathing
10564,Gaze@MOT,invisible
10564,Action@CHI,dropping the glass
10565,Gaze@CHI,ball
10565,Facial@MOT,invisible
10565,Utterance@CHI,focused breathing
10565,Gaze@MOT,invisible
10565,Action@CHI,dropping the glass
10566,Gaze@CHI,ball
10566,Facial@MOT,invisible
10566,Utterance@CHI,focused breathing
10566,Gaze@MOT,invisible
10566,Action@CHI,dropping the glass
10567,Gaze@CHI,ball
10567,Facial@MOT,invisible
10567,Utterance@CHI,focused breathing
10567,Gaze@MOT,invisible
10567,Action@CHI,dropping the glass
10567,Action@MOT,building a toy pyramid
10568,Gaze@CHI,toys
10568,Facial@MOT,invisible
10568,Utterance@CHI,focused breathing
10568,Gaze@MOT,invisible
10568,Action@CHI,dropping the glass
10568,Action@MOT,building a toy pyramid
10569,Gaze@CHI,toys
10569,Facial@MOT,invisible
10569,Utterance@CHI,focused breathing
10569,Gaze@MOT,invisible
10569,Action@CHI,dropping the glass
10569,Action@MOT,building a toy pyramid
10570,Gaze@CHI,toys
10570,Facial@MOT,invisible
10570,Utterance@CHI,focused breathing
10570,Gaze@MOT,invisible
10570,Action@MOT,building a toy pyramid
10571,Gaze@CHI,toys
10571,Facial@MOT,invisible
10571,Utterance@CHI,focused breathing
10571,Gaze@MOT,invisible
10571,Action@MOT,building a toy pyramid
10572,Gaze@CHI,toys
10572,Facial@MOT,invisible
10572,Utterance@CHI,focused breathing
10572,Gaze@MOT,toys
10572,Action@MOT,building a toy pyramid
10573,Gaze@CHI,toys
10573,Facial@MOT,invisible
10573,Utterance@CHI,focused breathing
10573,Gaze@MOT,toys
10573,Action@MOT,building a toy pyramid
10574,Gaze@CHI,toys
10574,Facial@MOT,invisible
10574,Utterance@CHI,focused breathing
10574,Gaze@MOT,toys
10574,Action@MOT,building a toy pyramid
10575,Gaze@CHI,toys
10575,Facial@MOT,invisible
10575,Utterance@CHI,focused breathing
10575,Gaze@MOT,toys
10575,Action@MOT,building a toy pyramid
10576,Gaze@CHI,toys
10576,Facial@MOT,invisible
10576,Utterance@CHI,focused breathing
10576,Gaze@MOT,toys
10576,Action@MOT,building a toy pyramid
10577,Gaze@CHI,toys
10577,Facial@MOT,invisible
10577,Utterance@CHI,focused breathing
10577,Gaze@MOT,toys
10577,Action@MOT,building a toy pyramid
10578,Gaze@CHI,toys
10578,Facial@MOT,invisible
10578,Utterance@CHI,focused breathing
10578,Gaze@MOT,toys
10578,Action@MOT,building a toy pyramid
10579,Gaze@CHI,toys
10579,Facial@MOT,invisible
10579,Utterance@CHI,focused breathing
10579,Gaze@MOT,toys
10579,Action@MOT,building a toy pyramid
10580,Gaze@CHI,toys
10580,Facial@MOT,invisible
10580,Utterance@CHI,focused breathing
10580,Gaze@MOT,toys
10580,Action@MOT,building a toy pyramid
10581,Gaze@CHI,toys
10581,Facial@MOT,invisible
10581,Utterance@CHI,focused breathing
10581,Gaze@MOT,toys
10581,Action@MOT,building a toy pyramid
10582,Gaze@CHI,toys
10582,Facial@MOT,invisible
10582,Utterance@CHI,focused breathing
10582,Gaze@MOT,toys
10582,Action@MOT,building a toy pyramid
10583,Gaze@CHI,toys
10583,Facial@MOT,invisible
10583,Utterance@CHI,focused breathing
10583,Gaze@MOT,toys
10583,Action@MOT,building a toy pyramid
10584,Gaze@CHI,toys
10584,Facial@MOT,invisible
10584,Utterance@CHI,focused breathing
10584,Gaze@MOT,toys
10584,Action@MOT,building a toy pyramid
10585,Gaze@CHI,toys
10585,Facial@MOT,invisible
10585,Utterance@CHI,focused breathing
10585,Gaze@MOT,toys
10585,Action@MOT,building a toy pyramid
10586,Gaze@CHI,toys
10586,Facial@MOT,invisible
10586,Utterance@CHI,focused breathing
10586,Gaze@MOT,toys
10586,Action@MOT,building a toy pyramid
10587,Gaze@CHI,toys
10587,Facial@MOT,invisible
10587,Utterance@CHI,focused breathing
10587,Gaze@MOT,toys
10587,Action@MOT,building a toy pyramid
10588,Gaze@CHI,toys
10588,Facial@MOT,invisible
10588,Utterance@CHI,focused breathing
10588,Gaze@MOT,toys
10588,Action@MOT,building a toy pyramid
10589,Gaze@CHI,toys
10589,Facial@MOT,invisible
10589,Utterance@CHI,focused breathing
10589,Gaze@MOT,toys
10589,Action@MOT,building a toy pyramid
10590,Gaze@CHI,toys
10590,Facial@MOT,invisible
10590,Action@MOT,holding the glass
10591,Gaze@CHI,toys
10591,Facial@MOT,invisible
10591,Action@MOT,holding the glass
10592,Gaze@CHI,toys
10592,Facial@MOT,invisible
10592,Action@MOT,holding the glass
10593,Gaze@CHI,toys
10593,Facial@MOT,invisible
10593,Action@MOT,holding the glass
10594,Gaze@CHI,toys
10594,Facial@MOT,invisible
10594,Action@MOT,holding the glass
10595,Gaze@CHI,toys
10595,Facial@MOT,invisible
10595,Action@MOT,holding the glass
10596,Gaze@CHI,toys
10596,Facial@MOT,invisible
10596,Action@MOT,holding the glass
10597,Gaze@CHI,toys
10597,Facial@MOT,invisible
10597,Action@MOT,holding the glass
10598,Gaze@CHI,toys
10598,Facial@MOT,invisible
10598,Action@MOT,holding the glass
10599,Gaze@CHI,toys
10599,Facial@MOT,invisible
10599,Action@MOT,holding the glass
10600,Gaze@CHI,toys
10600,Facial@MOT,invisible
10600,Action@MOT,holding the glass
10601,Gaze@CHI,toys
10601,Facial@MOT,invisible
10601,Action@MOT,holding the glass
10602,Gaze@CHI,toys
10602,Facial@MOT,invisible
10602,Action@CHI,holding the glass
10602,Action@MOT,holding the glass
10603,Gaze@CHI,toys
10603,Facial@MOT,invisible
10603,Action@CHI,holding the glass
10603,Action@MOT,holding the glass
10604,Gaze@CHI,toys
10604,Facial@MOT,invisible
10604,Action@CHI,holding the glass
10604,Action@MOT,holding the glass
10605,Gaze@CHI,toys
10605,Facial@MOT,invisible
10605,Action@CHI,holding the glass
10605,Action@MOT,holding the glass
10606,Gaze@CHI,mom
10606,Facial@MOT,neutral
10606,Gaze@MOT,toys
10606,Action@CHI,holding the glass
10606,Action@MOT,holding the glass
10607,Gaze@CHI,mom
10607,Facial@MOT,neutral
10607,Gaze@MOT,toys
10607,Action@CHI,holding the glass
10607,Action@MOT,holding the glass
10608,Gaze@CHI,mom
10608,Facial@MOT,neutral
10608,Gaze@MOT,toys
10608,Action@CHI,holding the glass
10608,Action@MOT,holding the glass
10609,Gaze@CHI,mom
10609,Facial@MOT,neutral
10609,Gaze@MOT,toys
10609,Action@CHI,holding the glass
10609,Action@MOT,holding the glass
10610,Gaze@CHI,mom
10610,Facial@MOT,neutral
10610,Gaze@MOT,toys
10610,Action@CHI,holding the glass
10610,Action@MOT,holding the glass
10611,Gaze@CHI,mom
10611,Facial@MOT,neutral
10611,Gaze@MOT,toys
10611,Action@CHI,holding the glass
10611,Action@MOT,holding the glass
10612,Gaze@CHI,mom
10612,Facial@MOT,neutral
10612,Gaze@MOT,toys
10612,Action@CHI,waving a hand
10612,Action@MOT,holding the glass
10613,Gaze@CHI,mom
10613,Facial@MOT,neutral
10613,Gaze@MOT,toys
10613,Action@CHI,waving a hand
10613,Action@MOT,holding the glass
10614,Gaze@CHI,mom
10614,Facial@MOT,neutral
10614,Gaze@MOT,toys
10614,Action@CHI,waving a hand
10614,Action@MOT,holding the glass
10615,Gaze@CHI,mom
10615,Facial@MOT,neutral
10615,Utterance@CHI,ah
10615,Prosody@CHI,falling
10615,Gaze@MOT,toys
10615,Action@CHI,waving a hand
10615,Action@MOT,holding the glass
10615,Arousal@CHI,high
10616,Gaze@CHI,mom
10616,Facial@MOT,neutral
10616,Utterance@CHI,ah
10616,Prosody@CHI,falling
10616,Gaze@MOT,toys
10616,Action@CHI,waving a hand
10616,Action@MOT,holding the glass
10616,Arousal@CHI,high
10617,Gaze@CHI,mom
10617,Facial@MOT,smile
10617,Utterance@CHI,ah
10617,Prosody@CHI,falling
10617,Gaze@MOT,child
10617,Action@CHI,waving a hand
10617,Action@MOT,holding the glass
10617,Arousal@CHI,high
10618,Gaze@CHI,mom
10618,Facial@MOT,smile
10618,Utterance@CHI,ah
10618,Prosody@CHI,falling
10618,Gaze@MOT,child
10618,Action@CHI,waving a hand
10618,Action@MOT,letting go of the glass
10618,Arousal@CHI,high
10619,Gaze@CHI,mom
10619,Facial@MOT,smile
10619,Utterance@CHI,ah
10619,Prosody@CHI,falling
10619,Gaze@MOT,child
10619,Action@CHI,waving a hand
10619,Action@MOT,letting go of the glass
10619,Arousal@CHI,high
10620,Facial@MOT,smile
10620,Utterance@CHI,ah
10620,Prosody@CHI,falling
10620,Gaze@MOT,child
10620,Action@CHI,waving a hand
10620,Action@MOT,letting go of the glass
10620,Arousal@CHI,high
10621,Gaze@CHI,ball
10621,Facial@MOT,smile
10621,Gaze@MOT,child
10621,Action@CHI,dropping the glass
10621,Action@MOT,letting go of the glass
10622,Gaze@CHI,ball
10622,Facial@MOT,smile
10622,Gaze@MOT,child
10622,Action@CHI,dropping the glass
10622,Action@MOT,letting go of the glass
10623,Gaze@CHI,ball
10623,Facial@MOT,invisible
10623,Gaze@MOT,invisible
10623,Action@CHI,dropping the glass
10623,Action@MOT,letting go of the glass
10624,Gaze@CHI,ball
10624,Facial@MOT,invisible
10624,Gaze@MOT,invisible
10624,Action@CHI,dropping the glass
10624,Action@MOT,letting go of the glass
10625,Gaze@CHI,ball
10625,Facial@MOT,invisible
10625,Gaze@MOT,invisible
10625,Action@CHI,dropping the glass
10626,Gaze@CHI,ball
10626,Facial@MOT,invisible
10626,Gaze@MOT,invisible
10626,Action@CHI,dropping the glass
10627,Gaze@CHI,ball
10627,Facial@MOT,invisible
10627,Gaze@MOT,invisible
10627,Action@CHI,dropping the glass
10628,Gaze@CHI,ball
10628,Facial@MOT,invisible
10628,Gaze@MOT,invisible
10628,Action@CHI,dropping the glass
10629,Gaze@CHI,ball
10629,Facial@MOT,invisible
10629,Gaze@MOT,invisible
10629,Action@CHI,dropping the glass
10630,Gaze@CHI,ball
10630,Facial@MOT,invisible
10630,Gaze@MOT,invisible
10630,Action@CHI,dropping the glass
10631,Gaze@CHI,ball
10631,Facial@MOT,invisible
10631,Gaze@MOT,invisible
10631,Action@CHI,dropping the glass
10632,Gaze@CHI,ball
10632,Facial@MOT,invisible
10632,Gaze@MOT,invisible
10632,Action@CHI,dropping the glass
10633,Gaze@CHI,ball
10633,Facial@MOT,invisible
10633,Gaze@MOT,invisible
10633,Action@CHI,dropping the glass
10634,Gaze@CHI,ball
10634,Facial@MOT,invisible
10634,Gaze@MOT,invisible
10634,Action@CHI,dropping the glass
10635,Gaze@CHI,ball
10635,Facial@MOT,invisible
10635,Gaze@MOT,invisible
10635,Action@CHI,dropping the glass
10636,Gaze@CHI,ball
10636,Facial@MOT,invisible
10636,Gaze@MOT,invisible
10636,Action@CHI,dropping the glass
10637,Gaze@CHI,ball
10637,Facial@MOT,invisible
10637,Gaze@MOT,invisible
10637,Action@CHI,dropping the glass
10638,Gaze@CHI,ball
10638,Facial@MOT,invisible
10638,Gaze@MOT,invisible
10638,Action@CHI,dropping the glass
10639,Gaze@CHI,ball
10639,Facial@MOT,invisible
10639,Gaze@MOT,invisible
10639,Action@CHI,dropping the glass
10640,Gaze@CHI,ball
10640,Facial@MOT,invisible
10640,Gaze@MOT,invisible
10640,Action@CHI,dropping the glass
10641,Gaze@CHI,ball
10641,Facial@MOT,invisible
10641,Gaze@MOT,invisible
10641,Action@CHI,picking up the glass
10642,Gaze@CHI,ball
10642,Facial@MOT,invisible
10642,Gaze@MOT,invisible
10642,Action@CHI,picking up the glass
10643,Gaze@CHI,ball
10643,Facial@MOT,invisible
10643,Gaze@MOT,invisible
10643,Action@CHI,picking up the glass
10644,Gaze@CHI,ball
10644,Facial@MOT,invisible
10644,Gaze@MOT,invisible
10644,Action@CHI,picking up the glass
10645,Gaze@CHI,ball
10645,Facial@MOT,invisible
10645,Gaze@MOT,invisible
10645,Action@CHI,picking up the glass
10646,Gaze@CHI,ball
10646,Facial@MOT,invisible
10646,Gaze@MOT,invisible
10646,Action@CHI,picking up the glass
10647,Gaze@CHI,ball
10647,Facial@MOT,invisible
10647,Gaze@MOT,invisible
10647,Action@CHI,picking up the glass
10648,Gaze@CHI,ball
10648,Facial@MOT,invisible
10648,Gaze@MOT,invisible
10648,Action@CHI,picking up the glass
10649,Gaze@CHI,ball
10649,Facial@MOT,invisible
10649,Gaze@MOT,invisible
10649,Action@CHI,picking up the glass
10650,Gaze@CHI,ball
10650,Facial@MOT,invisible
10650,Gaze@MOT,invisible
10650,Action@CHI,picking up the glass
10651,Gaze@CHI,ball
10651,Facial@MOT,invisible
10651,Gaze@MOT,invisible
10651,Action@CHI,picking up the glass
10652,Gaze@CHI,toy
10652,Facial@MOT,invisible
10652,Gaze@MOT,invisible
10652,Action@CHI,picking up the glass
10653,Gaze@CHI,toy
10653,Facial@MOT,invisible
10653,Gaze@MOT,invisible
10653,Action@CHI,picking up the glass
10654,Gaze@CHI,toy
10654,Facial@MOT,invisible
10654,Gaze@MOT,invisible
10654,Action@CHI,picking up the glass
10655,Gaze@CHI,toy
10655,Facial@MOT,invisible
10655,Gaze@MOT,invisible
10655,Action@CHI,picking up the glass
10656,Gaze@CHI,toy
10656,Facial@MOT,invisible
10656,Gaze@MOT,invisible
10656,Action@CHI,picking up the glass
10657,Gaze@CHI,toy
10657,Facial@MOT,invisible
10657,Gaze@MOT,invisible
10657,Action@CHI,picking up the glass
10658,Gaze@CHI,toy
10658,Facial@MOT,invisible
10658,Gaze@MOT,invisible
10658,Action@CHI,picking up the glass
10659,Gaze@CHI,toy
10659,Facial@MOT,invisible
10659,Gaze@MOT,invisible
10659,Action@CHI,picking up the glass
10660,Gaze@CHI,toy
10660,Facial@MOT,invisible
10660,Gaze@MOT,invisible
10660,Action@CHI,picking up the glass
10661,Gaze@CHI,toy
10661,Facial@MOT,invisible
10661,Gaze@MOT,invisible
10661,Action@CHI,picking up the glass
10662,Gaze@CHI,toy
10662,Facial@MOT,invisible
10662,Gaze@MOT,invisible
10662,Action@CHI,picking up the glass
10663,Gaze@CHI,toy
10663,Facial@MOT,invisible
10663,Gaze@MOT,invisible
10663,Action@CHI,picking up the glass
10664,Gaze@CHI,toy
10664,Facial@MOT,invisible
10664,Gaze@MOT,invisible
10664,Action@CHI,picking up the glass
10665,Gaze@CHI,toy
10665,Facial@MOT,invisible
10665,Gaze@MOT,invisible
10665,Action@CHI,taking out the toy
10666,Gaze@CHI,toy
10666,Facial@MOT,invisible
10666,Gaze@MOT,invisible
10666,Action@CHI,taking out the toy
10667,Gaze@CHI,toy
10667,Facial@MOT,invisible
10667,Gaze@MOT,invisible
10667,Action@CHI,taking out the toy
10668,Gaze@CHI,toy
10668,Facial@MOT,invisible
10668,Gaze@MOT,invisible
10668,Action@CHI,taking out the toy
10669,Gaze@CHI,toy
10669,Facial@MOT,invisible
10669,Gaze@MOT,invisible
10669,Action@CHI,taking out the toy
10670,Gaze@CHI,toy
10670,Facial@MOT,invisible
10670,Gaze@MOT,invisible
10670,Action@CHI,taking out the toy
10671,Gaze@CHI,toy
10671,Facial@MOT,invisible
10671,Gaze@MOT,invisible
10671,Action@CHI,taking out the toy
10672,Gaze@CHI,toy
10672,Facial@MOT,invisible
10672,Gaze@MOT,invisible
10672,Action@CHI,taking out the toy
10673,Gaze@CHI,toy
10673,Facial@MOT,invisible
10673,Gaze@MOT,invisible
10673,Action@CHI,taking out the toy
10674,Gaze@CHI,toy
10674,Facial@MOT,invisible
10674,Gaze@MOT,invisible
10674,Action@CHI,taking out the toy
10675,Gaze@CHI,toy
10675,Facial@MOT,invisible
10675,Gaze@MOT,invisible
10675,Action@CHI,taking out the toy
10676,Gaze@CHI,toy
10676,Facial@MOT,invisible
10676,Gaze@MOT,invisible
10676,Action@CHI,taking out the toy
10677,Gaze@CHI,toy
10677,Facial@MOT,invisible
10677,Gaze@MOT,invisible
10677,Action@CHI,taking out the toy
10678,Gaze@CHI,toy
10678,Facial@MOT,invisible
10678,Gaze@MOT,invisible
10678,Action@CHI,taking out the toy
10679,Gaze@CHI,toy
10679,Facial@MOT,invisible
10679,Gaze@MOT,invisible
10679,Action@CHI,taking out the toy
10680,Gaze@CHI,toy
10680,Facial@MOT,invisible
10680,Gaze@MOT,invisible
10680,Action@CHI,taking out the toy
10681,Gaze@CHI,toy
10681,Facial@MOT,invisible
10681,Gaze@MOT,invisible
10681,Action@CHI,taking out the toy
10682,Gaze@CHI,toy
10682,Facial@MOT,invisible
10682,Gaze@MOT,invisible
10682,Action@CHI,taking out the toy
10683,Gaze@CHI,toy
10683,Facial@MOT,invisible
10683,Gaze@MOT,invisible
10683,Action@CHI,taking out the toy
10684,Gaze@CHI,toy
10684,Facial@MOT,invisible
10684,Gaze@MOT,invisible
10684,Action@CHI,taking out the toy
10685,Gaze@CHI,toy
10685,Facial@MOT,invisible
10685,Gaze@MOT,invisible
10685,Action@CHI,taking out the toy
10686,Gaze@CHI,toy
10686,Facial@MOT,invisible
10686,Gaze@MOT,invisible
10686,Action@CHI,taking out the toy
10687,Gaze@CHI,toy
10687,Facial@MOT,invisible
10687,Gaze@MOT,invisible
10687,Action@CHI,taking out the toy
10688,Gaze@CHI,toy
10688,Facial@MOT,invisible
10688,Gaze@MOT,invisible
10688,Action@CHI,taking out the toy
10689,Gaze@CHI,toy
10689,Facial@MOT,invisible
10689,Gaze@MOT,invisible
10689,Action@CHI,taking out the toy
10690,Gaze@CHI,toy
10690,Facial@MOT,invisible
10690,Gaze@MOT,invisible
10690,Action@CHI,taking out the toy
10691,Gaze@CHI,toy
10691,Facial@MOT,invisible
10691,Utterance@CHI,focused breathing
10691,Gaze@MOT,invisible
10691,Action@CHI,taking out the toy
10691,Arousal@CHI,middle
10692,Gaze@CHI,toy
10692,Facial@MOT,invisible
10692,Utterance@CHI,focused breathing
10692,Gaze@MOT,invisible
10692,Action@CHI,taking out the toy
10692,Arousal@CHI,middle
10693,Gaze@CHI,toy
10693,Facial@MOT,invisible
10693,Utterance@CHI,focused breathing
10693,Gaze@MOT,invisible
10693,Action@CHI,taking out the toy
10693,Arousal@CHI,middle
10694,Gaze@CHI,toy
10694,Facial@MOT,invisible
10694,Utterance@CHI,focused breathing
10694,Gaze@MOT,invisible
10694,Action@CHI,taking out the toy
10694,Arousal@CHI,middle
10695,Gaze@CHI,toy
10695,Facial@MOT,invisible
10695,Utterance@CHI,focused breathing
10695,Gaze@MOT,invisible
10695,Action@CHI,taking out the toy
10695,Arousal@CHI,middle
10696,Gaze@CHI,toy
10696,Facial@MOT,invisible
10696,Utterance@CHI,focused breathing
10696,Gaze@MOT,invisible
10696,Action@CHI,taking out the toy
10696,Arousal@CHI,middle
10697,Gaze@CHI,toy
10697,Facial@MOT,invisible
10697,Utterance@CHI,focused breathing
10697,Gaze@MOT,invisible
10697,Action@CHI,taking out the toy
10697,Arousal@CHI,middle
10698,Gaze@CHI,toy
10698,Facial@MOT,invisible
10698,Utterance@CHI,focused breathing
10698,Gaze@MOT,invisible
10698,Action@CHI,taking out the toy
10698,Arousal@CHI,middle
10699,Gaze@CHI,toy
10699,Facial@MOT,invisible
10699,Utterance@CHI,ah
10699,Prosody@CHI,flat
10699,Gaze@MOT,invisible
10699,Action@CHI,taking out the toy
10699,Arousal@CHI,middle
10700,Gaze@CHI,toy
10700,Facial@MOT,invisible
10700,Utterance@CHI,ah
10700,Prosody@CHI,flat
10700,Gaze@MOT,invisible
10700,Action@CHI,taking out the toy
10700,Arousal@CHI,middle
10701,Gaze@CHI,toy
10701,Facial@MOT,invisible
10701,Utterance@CHI,ah
10701,Prosody@CHI,flat
10701,Gaze@MOT,invisible
10701,Action@CHI,taking out the toy
10701,Arousal@CHI,middle
10702,Gaze@CHI,toy
10702,Facial@MOT,invisible
10702,Utterance@CHI,ah
10702,Prosody@CHI,flat
10702,Gaze@MOT,invisible
10702,Action@CHI,taking out the toy
10702,Arousal@CHI,middle
10703,Gaze@CHI,toy
10703,Facial@MOT,invisible
10703,Utterance@CHI,ah
10703,Prosody@CHI,flat
10703,Gaze@MOT,invisible
10703,Action@CHI,taking out the toy
10703,Arousal@CHI,middle
10704,Gaze@CHI,toy
10704,Facial@MOT,invisible
10704,Utterance@CHI,focused breathing
10704,Gaze@MOT,invisible
10704,Action@CHI,taking out the toy
10704,Arousal@CHI,middle
10705,Gaze@CHI,toy
10705,Facial@MOT,invisible
10705,Utterance@CHI,focused breathing
10705,Gaze@MOT,invisible
10705,Action@CHI,taking out the toy
10705,Arousal@CHI,middle
10706,Gaze@CHI,toy
10706,Facial@MOT,invisible
10706,Utterance@CHI,focused breathing
10706,Gaze@MOT,invisible
10706,Action@CHI,taking out the toy
10706,Arousal@CHI,middle
10707,Gaze@CHI,toy
10707,Facial@MOT,invisible
10707,Utterance@CHI,focused breathing
10707,Gaze@MOT,invisible
10707,Action@CHI,taking out the toy
10707,Arousal@CHI,middle
10708,Gaze@CHI,toy
10708,Facial@MOT,invisible
10708,Utterance@CHI,focused breathing
10708,Gaze@MOT,invisible
10708,Action@CHI,taking out the toy
10708,Arousal@CHI,middle
10709,Gaze@CHI,toy
10709,Facial@MOT,invisible
10709,Utterance@CHI,focused breathing
10709,Gaze@MOT,invisible
10709,Action@CHI,taking out the toy
10709,Arousal@CHI,middle
10710,Gaze@CHI,toy
10710,Facial@MOT,invisible
10710,Utterance@CHI,focused breathing
10710,Gaze@MOT,invisible
10710,Action@CHI,taking out the toy
10710,Arousal@CHI,middle
10711,Gaze@CHI,toy
10711,Facial@MOT,invisible
10711,Utterance@CHI,focused breathing
10711,Gaze@MOT,invisible
10711,Action@CHI,taking out the toy
10711,Arousal@CHI,middle
10712,Gaze@CHI,toy
10712,Facial@MOT,invisible
10712,Utterance@CHI,focused breathing
10712,Gaze@MOT,invisible
10712,Action@CHI,taking out the toy
10712,Arousal@CHI,middle
10713,Gaze@CHI,toy
10713,Facial@MOT,invisible
10713,Utterance@CHI,focused breathing
10713,Gaze@MOT,invisible
10713,Action@CHI,taking out the toy
10713,Arousal@CHI,middle
10714,Gaze@CHI,toy
10714,Facial@MOT,invisible
10714,Utterance@CHI,focused breathing
10714,Gaze@MOT,invisible
10714,Action@CHI,taking out the toy
10714,Arousal@CHI,middle
10715,Gaze@CHI,toy
10715,Facial@MOT,invisible
10715,Utterance@CHI,focused breathing
10715,Gaze@MOT,invisible
10715,Action@CHI,taking out the toy
10715,Arousal@CHI,middle
10716,Gaze@CHI,mom
10716,Facial@MOT,invisible
10716,Gaze@MOT,invisible
10716,Action@CHI,taking out the toy
10717,Gaze@CHI,mom
10717,Facial@MOT,invisible
10717,Gaze@MOT,invisible
10717,Action@CHI,taking out the toy
10718,Gaze@CHI,mom
10718,Facial@MOT,invisible
10718,Gaze@MOT,invisible
10718,Action@CHI,taking out the toy
10719,Gaze@CHI,mom
10719,Facial@MOT,smile showing teeth
10719,Action@CHI,taking out the toy
10720,Gaze@CHI,mom
10720,Facial@MOT,smile showing teeth
10720,Gaze@MOT,child
10720,Action@CHI,taking out the toy
10721,Gaze@CHI,mom
10721,Facial@MOT,smile showing teeth
10721,Gaze@MOT,child
10721,Action@CHI,taking out the toy
10722,Gaze@CHI,mom
10722,Facial@MOT,smile showing teeth
10722,Gaze@MOT,child
10722,Action@CHI,taking out the toy
10723,Gaze@CHI,mom
10723,Facial@MOT,smile showing teeth
10723,Gaze@MOT,child
10723,Action@CHI,taking out the toy
10724,Gaze@CHI,mom
10724,Facial@MOT,smile showing teeth
10724,Gaze@MOT,child
10724,Action@CHI,taking out the toy
10724,Action@MOT,moving towards the child
10725,Gaze@CHI,mom
10725,Facial@MOT,smile showing teeth
10725,Gaze@MOT,child
10725,Action@CHI,taking out the toy
10725,Action@MOT,moving towards the child
10726,Gaze@CHI,mom
10726,Facial@MOT,smile showing teeth
10726,Gaze@MOT,child
10726,Action@CHI,taking out the toy
10726,Action@MOT,moving towards the child
10727,Gaze@CHI,mom
10727,Facial@MOT,smile showing teeth
10727,Gaze@MOT,child
10727,Action@CHI,taking out the toy
10727,Action@MOT,moving towards the child
10728,Gaze@CHI,mom
10728,Facial@MOT,smile showing teeth
10728,Gaze@MOT,child
10728,Action@CHI,taking out the toy
10728,Action@MOT,moving towards the child
10729,Gaze@CHI,mom
10729,Facial@MOT,smile showing teeth
10729,Gaze@MOT,child
10729,Action@CHI,taking out the toy
10729,Action@MOT,moving towards the child
10730,Gaze@CHI,mom
10730,Facial@MOT,smile showing teeth
10730,Gaze@MOT,child
10730,Action@CHI,taking out the toy
10730,Action@MOT,moving towards the child
10731,Gaze@CHI,mom
10731,Facial@MOT,smile showing teeth
10731,Gaze@MOT,child
10731,Action@CHI,taking out the toy
10731,Action@MOT,moving towards the child
10732,Gaze@CHI,mom
10732,Facial@MOT,smile showing teeth
10732,Gaze@MOT,child
10732,Action@CHI,taking out the toy
10732,Action@MOT,moving towards the child
10733,Gaze@CHI,mom
10733,Facial@MOT,smile showing teeth
10733,Gaze@MOT,child
10733,Action@CHI,taking out the toy
10733,Action@MOT,moving towards the child
10734,Gaze@CHI,mom
10734,Facial@MOT,smile showing teeth
10734,Gaze@MOT,child
10734,Action@CHI,taking out the toy
10734,Action@MOT,moving towards the child
10735,Facial@MOT,smile showing teeth
10735,Gaze@MOT,child
10735,Action@CHI,taking out the toy
10735,Action@MOT,moving towards the child
10736,Facial@MOT,smile showing teeth
10736,Gaze@MOT,child
10736,Action@CHI,taking out the toy
10737,Facial@MOT,smile showing teeth
10737,Gaze@MOT,child
10737,Action@CHI,taking out the toy
10738,Facial@MOT,invisible
10738,Gaze@MOT,invisible
10738,Action@CHI,taking out the toy
10739,Facial@MOT,invisible
10739,Gaze@MOT,invisible
10739,Action@CHI,taking out the toy
10740,Facial@MOT,invisible
10740,Gaze@MOT,invisible
10740,Action@CHI,taking out the toy
10741,Facial@MOT,invisible
10741,Gaze@MOT,invisible
10741,Action@CHI,taking out the toy
10742,Facial@MOT,invisible
10742,Gaze@MOT,invisible
10742,Action@CHI,taking out the toy
10743,Facial@MOT,invisible
10743,Gaze@MOT,invisible
10743,Action@CHI,taking out the toy
10744,Facial@MOT,invisible
10744,Gaze@MOT,invisible
10744,Action@CHI,taking out the toy
10745,Gaze@CHI,toy
10745,Facial@MOT,invisible
10745,Gaze@MOT,invisible
10745,Action@CHI,taking out the toy
10746,Gaze@CHI,toy
10746,Facial@MOT,invisible
10746,Gaze@MOT,invisible
10746,Action@CHI,taking out the toy
10747,Gaze@CHI,toy
10747,Facial@MOT,invisible
10747,Gaze@MOT,invisible
10747,Action@CHI,taking out the toy
10748,Gaze@CHI,toy
10748,Facial@MOT,invisible
10748,Gaze@MOT,invisible
10748,Action@CHI,taking out the toy
10749,Gaze@CHI,toy
10749,Facial@MOT,invisible
10749,Gaze@MOT,invisible
10749,Action@CHI,taking out the toy
10750,Gaze@CHI,toy
10750,Facial@MOT,invisible
10750,Gaze@MOT,invisible
10750,Action@CHI,taking out the toy
10751,Gaze@CHI,toy
10751,Facial@MOT,invisible
10751,Gaze@MOT,invisible
10751,Action@CHI,taking out the toy
10752,Gaze@CHI,ball
10752,Facial@MOT,invisible
10752,Gaze@MOT,invisible
10752,Action@CHI,taking out the toy
10753,Gaze@CHI,ball
10753,Facial@MOT,invisible
10753,Gaze@MOT,invisible
10753,Action@CHI,taking out the toy
10754,Gaze@CHI,ball
10754,Facial@MOT,invisible
10754,Gaze@MOT,invisible
10754,Action@CHI,taking out the toy
10755,Gaze@CHI,ball
10755,Facial@MOT,invisible
10755,Gaze@MOT,invisible
10755,Action@CHI,taking the ball out of the glass
10756,Gaze@CHI,ball
10756,Facial@MOT,invisible
10756,Gaze@MOT,invisible
10756,Action@CHI,taking the ball out of the glass
10757,Gaze@CHI,ball
10757,Facial@MOT,invisible
10757,Gaze@MOT,invisible
10757,Action@CHI,taking the ball out of the glass
10758,Gaze@CHI,ball
10758,Facial@MOT,invisible
10758,Gaze@MOT,invisible
10758,Action@CHI,taking the ball out of the glass
10759,Gaze@CHI,ball
10759,Facial@MOT,invisible
10759,Gaze@MOT,invisible
10759,Action@CHI,taking the ball out of the glass
10760,Gaze@CHI,ball
10760,Facial@MOT,invisible
10760,Gaze@MOT,invisible
10760,Action@CHI,taking the ball out of the glass
10761,Gaze@CHI,ball
10761,Facial@MOT,invisible
10761,Gaze@MOT,invisible
10761,Action@CHI,taking the ball out of the glass
10762,Gaze@CHI,ball
10762,Facial@MOT,invisible
10762,Gaze@MOT,invisible
10762,Action@CHI,taking the ball out of the glass
10763,Gaze@CHI,ball
10763,Facial@MOT,invisible
10763,Gaze@MOT,invisible
10763,Action@CHI,taking the ball out of the glass
10764,Gaze@CHI,ball
10764,Facial@MOT,invisible
10764,Gaze@MOT,invisible
10764,Action@CHI,taking the ball out of the glass
10765,Gaze@CHI,ball
10765,Facial@MOT,invisible
10765,Gaze@MOT,invisible
10765,Action@CHI,taking the ball out of the glass
10766,Gaze@CHI,ball
10766,Facial@MOT,invisible
10766,Gaze@MOT,invisible
10766,Action@CHI,taking the ball out of the glass
10767,Gaze@CHI,ball
10767,Facial@MOT,invisible
10767,Gaze@MOT,invisible
10767,Action@CHI,taking the ball out of the glass
10768,Gaze@CHI,ball
10768,Facial@MOT,invisible
10768,Gaze@MOT,invisible
10768,Action@CHI,taking the ball out of the glass
10769,Gaze@CHI,ball
10769,Facial@MOT,invisible
10769,Gaze@MOT,invisible
10769,Action@CHI,taking the ball out of the glass
10770,Gaze@CHI,ball
10770,Facial@MOT,invisible
10770,Gaze@MOT,invisible
10770,Action@CHI,taking the ball out of the glass
10771,Gaze@CHI,ball
10771,Facial@MOT,invisible
10771,Gaze@MOT,invisible
10771,Action@CHI,taking the ball out of the glass
10772,Gaze@CHI,ball
10772,Facial@MOT,invisible
10772,Gaze@MOT,invisible
10772,Action@CHI,taking the ball out of the glass
10773,Gaze@CHI,ball
10773,Facial@MOT,invisible
10773,Gaze@MOT,invisible
10773,Action@CHI,taking the ball out of the glass
10774,Gaze@CHI,ball
10774,Facial@MOT,invisible
10774,Gaze@MOT,invisible
10774,Action@CHI,taking the ball out of the glass
10775,Gaze@CHI,ball
10775,Facial@MOT,invisible
10775,Gaze@MOT,invisible
10775,Action@CHI,taking the ball out of the glass
10776,Gaze@CHI,ball
10776,Facial@MOT,invisible
10776,Gaze@MOT,invisible
10776,Action@CHI,taking the ball out of the glass
10777,Gaze@CHI,ball
10777,Facial@MOT,invisible
10777,Gaze@MOT,invisible
10777,Action@CHI,taking the ball out of the glass
10778,Gaze@CHI,ball
10778,Facial@MOT,invisible
10778,Gaze@MOT,invisible
10778,Action@CHI,trying to pick up the ball
10778,Action@MOT,picking up the ball
10779,Gaze@CHI,ball
10779,Facial@MOT,invisible
10779,Gaze@MOT,invisible
10779,Action@CHI,trying to pick up the ball
10779,Action@MOT,picking up the ball
10780,Gaze@CHI,ball
10780,Facial@MOT,invisible
10780,Gaze@MOT,invisible
10780,Action@CHI,trying to pick up the ball
10780,Action@MOT,picking up the ball
10781,Gaze@CHI,ball
10781,Facial@MOT,invisible
10781,Gaze@MOT,invisible
10781,Action@CHI,trying to pick up the ball
10781,Action@MOT,picking up the ball
10782,Gaze@CHI,ball
10782,Facial@MOT,invisible
10782,Gaze@MOT,invisible
10782,Action@CHI,trying to pick up the ball
10782,Action@MOT,picking up the ball
10783,Gaze@CHI,ball
10783,Facial@MOT,invisible
10783,Gaze@MOT,invisible
10783,Action@CHI,trying to pick up the ball
10783,Action@MOT,picking up the ball
10784,Gaze@CHI,ball
10784,Facial@MOT,invisible
10784,Gaze@MOT,invisible
10784,Action@CHI,trying to pick up the ball
10784,Action@MOT,picking up the ball
10785,Gaze@CHI,ball
10785,Facial@MOT,invisible
10785,Gaze@MOT,invisible
10785,Action@MOT,tossing the ball
10785,Laughable@CHI,"mom holds the ball in her hand, baby expect that mom spit the ball out of mouth"
10786,Gaze@CHI,ball
10786,Facial@MOT,invisible
10786,Gaze@MOT,invisible
10786,Action@MOT,tossing the ball
10786,Laughable@CHI,"mom holds the ball in her hand, baby expect that mom spit the ball out of mouth"
10787,Gaze@CHI,ball
10787,Facial@MOT,invisible
10787,Gaze@MOT,invisible
10787,Action@MOT,tossing the ball
10787,Laughable@CHI,"mom holds the ball in her hand, baby expect that mom spit the ball out of mouth"
10788,Gaze@CHI,ball
10788,Facial@MOT,invisible
10788,Gaze@MOT,invisible
10788,Action@MOT,tossing the ball
10788,Laughable@CHI,"mom holds the ball in her hand, baby expect that mom spit the ball out of mouth"
10789,Gaze@CHI,ball
10789,Facial@MOT,invisible
10789,Gaze@MOT,invisible
10789,Action@MOT,tossing the ball
10789,Laughable@CHI,"mom holds the ball in her hand, baby expect that mom spit the ball out of mouth"
10790,Gaze@CHI,ball
10790,Facial@MOT,invisible
10790,Gaze@MOT,invisible
10790,Action@MOT,tossing the ball
10790,Laughable@CHI,"mom holds the ball in her hand, baby expect that mom spit the ball out of mouth"
10791,Gaze@CHI,ball
10791,Facial@MOT,smile
10791,Gaze@MOT,child
10791,Action@MOT,tossing the ball
10791,Laughable@CHI,"mom holds the ball in her hand, baby expect that mom spit the ball out of mouth"
10792,Gaze@CHI,ball
10792,Facial@MOT,smile
10792,Gaze@MOT,child
10792,Action@MOT,tossing the ball
10792,Laughable@CHI,"mom holds the ball in her hand, baby expect that mom spit the ball out of mouth"
10793,Gaze@CHI,ball
10793,Facial@MOT,smile
10793,Gaze@MOT,child
10793,Action@MOT,tossing the ball
10793,Laughable@CHI,"mom holds the ball in her hand, baby expect that mom spit the ball out of mouth"
10794,Gaze@CHI,mom
10794,Facial@MOT,smile
10794,Gaze@MOT,child
10794,Laughter@CHI,L
10794,Laughable@CHI,"mom holds the ball in her hand, baby expect that mom spit the ball out of mouth"
10794,Arousal@CHI,middle
10794,ReactionReason@CHI,Conformity to object schema
10795,Gaze@CHI,mom
10795,Facial@MOT,smile
10795,Gaze@MOT,child
10795,Laughter@CHI,L
10795,Laughable@CHI,"mom holds the ball in her hand, baby expect that mom spit the ball out of mouth"
10795,Arousal@CHI,middle
10795,ReactionReason@CHI,Conformity to object schema
10796,Gaze@CHI,mom
10796,Facial@MOT,smile
10796,Gaze@MOT,child
10796,Laughter@CHI,L
10796,Laughable@CHI,"mom holds the ball in her hand, baby expect that mom spit the ball out of mouth"
10796,Arousal@CHI,middle
10796,ReactionReason@CHI,Conformity to object schema
10797,Gaze@CHI,mom
10797,Facial@MOT,smile
10797,Gaze@MOT,child
10797,Laughter@CHI,L
10797,Laughable@CHI,"mom holds the ball in her hand, baby expect that mom spit the ball out of mouth"
10797,Arousal@CHI,middle
10797,ReactionReason@CHI,Conformity to object schema
10798,Gaze@CHI,mom
10798,Facial@MOT,smile
10798,Gaze@MOT,child
10798,Laughter@CHI,L
10798,Arousal@CHI,middle
10798,ReactionReason@CHI,Conformity to object schema
10799,Gaze@CHI,mom
10799,Facial@MOT,smile
10799,Gaze@MOT,child
10799,Laughter@CHI,L
10799,Arousal@CHI,middle
10799,ReactionReason@CHI,Conformity to object schema
10800,Gaze@CHI,ball
10800,Facial@MOT,smile
10800,Gaze@MOT,child
10800,Action@MOT,throwing the ball at the child
10800,Laughter@CHI,L
10800,Arousal@CHI,middle
10800,ReactionReason@CHI,Conformity to object schema
10801,Gaze@CHI,ball
10801,Facial@MOT,smile
10801,Gaze@MOT,child
10801,Action@MOT,throwing the ball at the child
10801,Laughter@CHI,L
10801,Arousal@CHI,middle
10801,ReactionReason@CHI,Conformity to object schema
10802,Gaze@CHI,ball
10802,Facial@MOT,smile
10802,Gaze@MOT,child
10802,Action@MOT,throwing the ball at the child
10802,Laughter@CHI,L
10802,Arousal@CHI,middle
10802,ReactionReason@CHI,Conformity to object schema
10803,Gaze@CHI,ball
10803,Facial@MOT,smile
10803,Gaze@MOT,child
10803,Action@MOT,throwing the ball at the child
10803,Laughter@CHI,L
10803,Arousal@CHI,middle
10803,ReactionReason@CHI,Conformity to object schema
10804,Gaze@CHI,ball
10804,Facial@MOT,smile
10804,Gaze@MOT,child
10804,Action@MOT,throwing the ball at the child
10805,Gaze@CHI,ball
10805,Facial@MOT,invisible
10805,Gaze@MOT,invisible
10805,Action@MOT,throwing the ball at the child
10806,Gaze@CHI,ball
10806,Facial@MOT,invisible
10806,Gaze@MOT,invisible
10806,Action@MOT,throwing the ball at the child
10807,Gaze@CHI,ball
10807,Facial@MOT,invisible
10807,Gaze@MOT,invisible
10807,Action@MOT,throwing the ball at the child
10808,Gaze@CHI,ball
10808,Facial@MOT,invisible
10808,Gaze@MOT,invisible
10808,Action@MOT,throwing the ball at the child
10809,Gaze@CHI,ball
10809,Facial@MOT,invisible
10809,Gaze@MOT,invisible
10809,Action@MOT,throwing the ball at the child
10810,Gaze@CHI,ball
10810,Facial@MOT,invisible
10810,Gaze@MOT,invisible
10810,Action@MOT,throwing the ball at the child
10811,Gaze@CHI,ball
10811,Facial@MOT,invisible
10811,Gaze@MOT,invisible
10812,Gaze@CHI,ball
10812,Facial@MOT,invisible
10812,Gaze@MOT,invisible
10812,Action@MOT,picking up the ball
10813,Gaze@CHI,ball
10813,Facial@MOT,invisible
10813,Gaze@MOT,invisible
10813,Action@MOT,picking up the ball
10814,Gaze@CHI,ball
10814,Facial@MOT,invisible
10814,Gaze@MOT,invisible
10814,Action@CHI,trying to pick up the ball
10814,Action@MOT,picking up the ball
10815,Gaze@CHI,floor
10815,Facial@MOT,invisible
10815,Gaze@MOT,invisible
10815,Action@CHI,trying to pick up the ball
10815,Action@MOT,picking up the ball
10816,Gaze@CHI,floor
10816,Facial@MOT,invisible
10816,Gaze@MOT,invisible
10816,Action@CHI,trying to pick up the ball
10816,Action@MOT,picking up the ball
10817,Gaze@CHI,floor
10817,Facial@MOT,invisible
10817,Gaze@MOT,invisible
10817,Action@CHI,trying to pick up the ball
10817,Action@MOT,picking up the ball
10818,Gaze@CHI,floor
10818,Facial@MOT,invisible
10818,Gaze@MOT,invisible
10818,Action@CHI,trying to pick up the ball
10818,Action@MOT,picking up the ball
10819,Gaze@CHI,floor
10819,Facial@MOT,invisible
10819,Gaze@MOT,invisible
10819,Action@CHI,trying to pick up the ball
10819,Action@MOT,picking up the ball
10820,Gaze@CHI,floor
10820,Facial@MOT,invisible
10820,Gaze@MOT,invisible
10820,Action@CHI,trying to pick up the ball
10821,Gaze@CHI,floor
10821,Facial@MOT,invisible
10821,Gaze@MOT,invisible
10821,Action@CHI,trying to pick up the ball
10822,Gaze@CHI,floor
10822,Facial@MOT,invisible
10822,Gaze@MOT,invisible
10822,Action@CHI,trying to pick up the ball
10823,Gaze@CHI,floor
10823,Facial@MOT,invisible
10823,Gaze@MOT,invisible
10823,Action@CHI,trying to pick up the ball
10823,Action@MOT,throwing the ball at the child
10824,Gaze@CHI,floor
10824,Facial@MOT,invisible
10824,Gaze@MOT,invisible
10824,Action@CHI,trying to pick up the ball
10824,Action@MOT,throwing the ball at the child
10825,Gaze@CHI,floor
10825,Facial@MOT,invisible
10825,Gaze@MOT,invisible
10825,Action@CHI,trying to pick up the ball
10825,Action@MOT,throwing the ball at the child
10826,Gaze@CHI,floor
10826,Facial@MOT,invisible
10826,Utterance@MOT,chooga
10826,Prosody@MOT,falling
10826,Gaze@MOT,invisible
10826,Action@CHI,trying to pick up the ball
10826,Laughable@CHI,baby wants to get the ball but mom intentionally takes the ball
10827,Gaze@CHI,floor
10827,Facial@MOT,invisible
10827,Utterance@MOT,chooga
10827,Prosody@MOT,falling
10827,Gaze@MOT,invisible
10827,Action@CHI,trying to pick up the ball
10827,Laughable@CHI,baby wants to get the ball but mom intentionally takes the ball
10828,Gaze@CHI,ball
10828,Facial@MOT,invisible
10828,Utterance@MOT,chooga
10828,Prosody@MOT,falling
10828,Gaze@MOT,invisible
10828,Action@CHI,trying to pick up the ball
10828,Laughable@CHI,baby wants to get the ball but mom intentionally takes the ball
10829,Gaze@CHI,ball
10829,Facial@MOT,invisible
10829,Utterance@MOT,chooga
10829,Prosody@MOT,falling
10829,Gaze@MOT,invisible
10829,Action@CHI,trying to pick up the ball
10829,Laughable@CHI,baby wants to get the ball but mom intentionally takes the ball
10830,Gaze@CHI,ball
10830,Facial@MOT,invisible
10830,Utterance@MOT,chooga
10830,Prosody@MOT,falling
10830,Gaze@MOT,invisible
10830,Action@CHI,trying to pick up the ball
10830,Laughable@CHI,baby wants to get the ball but mom intentionally takes the ball
10831,Gaze@CHI,ball
10831,Facial@MOT,invisible
10831,Utterance@MOT,chooga
10831,Prosody@MOT,falling
10831,Gaze@MOT,invisible
10831,Action@CHI,trying to pick up the ball
10831,Action@MOT,picking up the ball
10831,Laughable@CHI,baby wants to get the ball but mom intentionally takes the ball
10832,Gaze@CHI,ball
10832,Facial@MOT,invisible
10832,Gaze@MOT,invisible
10832,Action@CHI,trying to pick up the ball
10832,Action@MOT,picking up the ball
10833,Gaze@CHI,ball
10833,Facial@MOT,invisible
10833,Gaze@MOT,invisible
10833,Action@CHI,trying to pick up the ball
10833,Action@MOT,picking up the ball
10834,Gaze@CHI,ball
10834,Facial@MOT,invisible
10834,Gaze@MOT,invisible
10834,Action@CHI,trying to pick up the ball
10834,Action@MOT,picking up the ball
10834,Laughter@CHI,L
10834,Arousal@CHI,middle
10834,ReactionReason@CHI,Violation of event schema
10835,Facial@MOT,invisible
10835,Gaze@MOT,invisible
10835,Action@CHI,trying to pick up the ball
10835,Action@MOT,picking up the ball
10835,Laughter@CHI,L
10835,Arousal@CHI,middle
10835,ReactionReason@CHI,Violation of event schema
10836,Facial@MOT,invisible
10836,Gaze@MOT,invisible
10836,Action@MOT,throwing the ball at the child
10836,Laughter@CHI,L
10836,Laughable@CHI,baby wants to get the ball but mom intentionally takes the ball
10836,Arousal@CHI,middle
10836,ReactionReason@CHI,Violation of event schema
10837,Gaze@CHI,mom's hand
10837,Facial@MOT,invisible
10837,Gaze@MOT,invisible
10837,Action@MOT,throwing the ball at the child
10837,Laughable@CHI,baby wants to get the ball but mom intentionally takes the ball
10838,Gaze@CHI,mom's hand
10838,Facial@MOT,invisible
10838,Utterance@MOT,chooga
10838,Prosody@MOT,falling
10838,Gaze@MOT,invisible
10838,Action@MOT,throwing the ball at the child
10838,Laughable@CHI,baby wants to get the ball but mom intentionally takes the ball
10839,Gaze@CHI,mom's hand
10839,Facial@MOT,invisible
10839,Utterance@MOT,chooga
10839,Prosody@MOT,falling
10839,Gaze@MOT,invisible
10839,Action@MOT,throwing the ball at the child
10839,Laughable@CHI,baby wants to get the ball but mom intentionally takes the ball
10840,Gaze@CHI,mom's hand
10840,Facial@MOT,invisible
10840,Utterance@MOT,chooga
10840,Prosody@MOT,falling
10840,Gaze@MOT,invisible
10840,Laughable@CHI,baby wants to get the ball but mom intentionally takes the ball
10841,Gaze@CHI,mom's hand
10841,Facial@MOT,invisible
10841,Utterance@MOT,chooga
10841,Prosody@MOT,falling
10841,Gaze@MOT,invisible
10841,Laughable@CHI,baby wants to get the ball but mom intentionally takes the ball
10842,Gaze@CHI,mom's hand
10842,Facial@MOT,invisible
10842,Utterance@MOT,chooga
10842,Prosody@MOT,falling
10842,Gaze@MOT,invisible
10842,Laughable@CHI,baby wants to get the ball but mom intentionally takes the ball
10843,Gaze@CHI,mom's hand
10843,Facial@MOT,invisible
10843,Utterance@MOT,chooga
10843,Prosody@MOT,falling
10843,Gaze@MOT,invisible
10844,Gaze@CHI,mom's hand
10844,Facial@MOT,invisible
10844,Utterance@MOT,chooga
10844,Prosody@MOT,falling
10844,Gaze@MOT,invisible
10845,Gaze@CHI,mom's hand
10845,Facial@MOT,invisible
10845,Utterance@MOT,chooga
10845,Prosody@MOT,falling
10845,Gaze@MOT,invisible
10846,Gaze@CHI,mom's hand
10846,Facial@MOT,invisible
10846,Utterance@MOT,chooga
10846,Prosody@MOT,falling
10846,Gaze@MOT,invisible
10847,Gaze@CHI,mom's hand
10847,Facial@MOT,invisible
10847,Gaze@MOT,invisible
10848,Gaze@CHI,mom's hand
10848,Facial@MOT,invisible
10848,Gaze@MOT,invisible
10848,Laughter@CHI,L
10848,Arousal@CHI,middle
10848,ReactionReason@CHI,Violation of event schema
10849,Gaze@CHI,mom's hand
10849,Facial@MOT,invisible
10849,Gaze@MOT,invisible
10849,Laughter@CHI,L
10849,Arousal@CHI,middle
10849,ReactionReason@CHI,Violation of event schema
10850,Gaze@CHI,mom's hand
10850,Facial@MOT,invisible
10850,Gaze@MOT,invisible
10850,Laughter@CHI,L
10850,Arousal@CHI,middle
10850,ReactionReason@CHI,Violation of event schema
10851,Facial@MOT,invisible
10851,Gaze@MOT,invisible
10851,Laughter@CHI,L
10851,Arousal@CHI,middle
10851,ReactionReason@CHI,Violation of event schema
10852,Gaze@CHI,mom
10852,Facial@MOT,smile
10852,Gaze@MOT,child
10852,Laughter@CHI,L
10852,Arousal@CHI,middle
10852,ReactionReason@CHI,Violation of event schema
10853,Gaze@CHI,mom
10853,Facial@MOT,smile
10853,Gaze@MOT,child
10853,Laughter@CHI,L
10853,Arousal@CHI,middle
10853,ReactionReason@CHI,Violation of event schema
10854,Gaze@CHI,mom
10854,Facial@MOT,smile
10854,Gaze@MOT,child
10854,Laughter@CHI,L
10854,Arousal@CHI,middle
10854,ReactionReason@CHI,Violation of event schema
10855,Gaze@CHI,mom
10855,Facial@MOT,smile
10855,Gaze@MOT,child
10855,Laughter@CHI,L
10855,Arousal@CHI,middle
10855,ReactionReason@CHI,Violation of event schema
10856,Gaze@CHI,mom
10856,Facial@MOT,smile
10856,Gaze@MOT,child
10856,Laughter@CHI,L
10856,Arousal@CHI,middle
10856,ReactionReason@CHI,Violation of event schema
10857,Gaze@CHI,mom
10857,Facial@MOT,smile
10857,Gaze@MOT,child
10857,Laughter@CHI,L
10857,Arousal@CHI,middle
10857,ReactionReason@CHI,Violation of event schema
10858,Gaze@CHI,mom
10858,Facial@MOT,smile
10858,Gaze@MOT,child
10858,Laughter@CHI,L
10858,Arousal@CHI,middle
10858,ReactionReason@CHI,Violation of event schema
10859,Gaze@CHI,mom
10859,Facial@MOT,smile
10859,Gaze@MOT,child
10859,Laughter@CHI,L
10859,Arousal@CHI,middle
10859,ReactionReason@CHI,Violation of event schema
10860,Gaze@CHI,mom
10860,Facial@MOT,smile
10860,Gaze@MOT,child
10860,Laughter@CHI,L
10860,Arousal@CHI,middle
10860,ReactionReason@CHI,Violation of event schema
10861,Gaze@CHI,mom
10861,Facial@MOT,smile
10861,Gaze@MOT,child
10861,Laughter@CHI,L
10861,Arousal@CHI,middle
10861,ReactionReason@CHI,Violation of event schema
10862,Gaze@CHI,mom
10862,Facial@MOT,smile
10862,Gaze@MOT,child
10863,Gaze@CHI,mom
10863,Facial@MOT,smile
10863,Gaze@MOT,child
10864,Gaze@CHI,mom
10864,Facial@MOT,smile
10864,Gaze@MOT,child
10865,Gaze@CHI,mom
10865,Facial@MOT,smile
10865,Gaze@MOT,child
10865,Action@CHI,giving the ball to mom
10866,Gaze@CHI,mom
10866,Facial@MOT,smile
10866,Gaze@MOT,child
10866,Action@CHI,giving the ball to mom
10867,Gaze@CHI,mom
10867,Facial@MOT,smile
10867,Gaze@MOT,child
10867,Action@CHI,giving the ball to mom
10868,Gaze@CHI,mom
10868,Facial@MOT,smile
10868,Gaze@MOT,child
10868,Action@CHI,giving the ball to mom
10869,Gaze@CHI,mom
10869,Facial@MOT,smile
10869,Gaze@MOT,child
10869,Action@CHI,giving the ball to mom
10870,Gaze@CHI,mom
10870,Facial@MOT,smile
10870,Gaze@MOT,child
10870,Action@CHI,giving the ball to mom
10870,Action@MOT,showing the glass
10871,Gaze@CHI,mom
10871,Facial@MOT,neutral
10871,Gaze@MOT,ball
10871,Action@CHI,giving the ball to mom
10871,Action@MOT,showing the glass
10872,Gaze@CHI,mom
10872,Facial@MOT,neutral
10872,Gaze@MOT,ball
10872,Action@CHI,giving the ball to mom
10872,Action@MOT,showing the glass
10873,Gaze@CHI,mom
10873,Facial@MOT,neutral
10873,Gaze@MOT,ball
10873,Action@CHI,giving the ball to mom
10873,Action@MOT,showing the glass
10874,Gaze@CHI,mom
10874,Facial@MOT,neutral
10874,Gaze@MOT,ball
10874,Action@CHI,giving the ball to mom
10874,Action@MOT,showing the glass
10875,Gaze@CHI,mom
10875,Facial@MOT,neutral
10875,Gaze@MOT,ball
10875,Action@CHI,giving the ball to mom
10875,Action@MOT,showing the glass
10876,Gaze@CHI,mom
10876,Facial@MOT,neutral
10876,Gaze@MOT,ball
10876,Action@CHI,giving the ball to mom
10876,Action@MOT,showing the glass
10877,Gaze@CHI,mom
10877,Facial@MOT,neutral
10877,Gaze@MOT,ball
10877,Action@CHI,giving the ball to mom
10877,Action@MOT,showing the glass
10878,Gaze@CHI,mom
10878,Facial@MOT,neutral
10878,Gaze@MOT,ball
10878,Action@CHI,giving the ball to mom
10878,Action@MOT,showing the glass
10879,Gaze@CHI,mom
10879,Facial@MOT,neutral
10879,Gaze@MOT,ball
10879,Action@CHI,giving the ball to mom
10879,Action@MOT,showing the glass
10880,Gaze@CHI,mom
10880,Facial@MOT,neutral
10880,Gaze@MOT,ball
10880,Action@CHI,giving the ball to mom
10880,Action@MOT,showing the glass
10881,Gaze@CHI,mom
10881,Facial@MOT,neutral
10881,Gaze@MOT,ball
10881,Action@CHI,giving the ball to mom
10881,Action@MOT,showing the glass
10882,Gaze@CHI,mom
10882,Facial@MOT,neutral
10882,Gaze@MOT,ball
10882,Action@CHI,giving the ball to mom
10882,Action@MOT,showing the glass
10883,Gaze@CHI,mom
10883,Facial@MOT,neutral
10883,Gaze@MOT,child
10883,Action@CHI,giving the ball to mom
10883,Action@MOT,showing the glass
10884,Gaze@CHI,mom
10884,Facial@MOT,neutral
10884,Gaze@MOT,child
10884,Action@CHI,giving the ball to mom
10884,Action@MOT,showing the glass
10885,Gaze@CHI,mom
10885,Facial@MOT,neutral
10885,Gaze@MOT,child
10885,Action@CHI,giving the ball to mom
10885,Action@MOT,showing the glass
10886,Gaze@CHI,mom
10886,Facial@MOT,neutral
10886,Gaze@MOT,child
10886,Action@CHI,giving the ball to mom
10886,Action@MOT,showing the glass
10887,Gaze@CHI,mom
10887,Facial@MOT,neutral
10887,Gaze@MOT,child
10887,Action@CHI,giving the ball to mom
10887,Action@MOT,showing the glass
10888,Gaze@CHI,mom
10888,Facial@MOT,neutral
10888,Utterance@MOT,Put it in here.
10888,Prosody@MOT,falling
10888,Gaze@MOT,child
10888,Action@CHI,giving the ball to mom
10888,Action@MOT,showing the glass
10889,Gaze@CHI,mom
10889,Facial@MOT,neutral
10889,Utterance@MOT,Put it in here.
10889,Prosody@MOT,falling
10889,Gaze@MOT,child
10889,Action@CHI,giving the ball to mom
10889,Action@MOT,showing the glass
10890,Gaze@CHI,mom
10890,Facial@MOT,neutral
10890,Utterance@MOT,Put it in here.
10890,Prosody@MOT,falling
10890,Gaze@MOT,child
10890,Action@CHI,giving the ball to mom
10890,Action@MOT,showing the glass
10891,Gaze@CHI,mom
10891,Facial@MOT,neutral
10891,Utterance@MOT,Put it in here.
10891,Prosody@MOT,falling
10891,Gaze@MOT,child
10891,Action@CHI,giving the ball to mom
10891,Action@MOT,showing the glass
10892,Gaze@CHI,mom
10892,Facial@MOT,neutral
10892,Utterance@MOT,Put it in here.
10892,Prosody@MOT,falling
10892,Gaze@MOT,child
10892,Action@CHI,giving the ball to mom
10892,Action@MOT,showing the glass
10893,Gaze@CHI,mom
10893,Facial@MOT,neutral
10893,Utterance@MOT,Put it in here.
10893,Prosody@MOT,falling
10893,Action@CHI,giving the ball to mom
10893,Action@MOT,showing the glass
10894,Gaze@CHI,mom
10894,Facial@MOT,neutral
10894,Utterance@MOT,Put it in here.
10894,Prosody@MOT,falling
10894,Gaze@MOT,glass
10894,Action@CHI,giving the ball to mom
10894,Action@MOT,showing the glass
10895,Gaze@CHI,mom
10895,Facial@MOT,neutral
10895,Utterance@MOT,Drop it in.
10895,Prosody@MOT,flat
10895,Gaze@MOT,glass
10895,Action@CHI,giving the ball to mom
10895,Action@MOT,showing the glass
10896,Gaze@CHI,glass
10896,Facial@MOT,neutral
10896,Utterance@MOT,Drop it in.
10896,Prosody@MOT,flat
10896,Gaze@MOT,glass
10896,Action@CHI,giving the ball to mom
10896,Action@MOT,showing the glass
10897,Gaze@CHI,glass
10897,Facial@MOT,neutral
10897,Utterance@MOT,Drop it in.
10897,Prosody@MOT,flat
10897,Gaze@MOT,ball
10897,Action@CHI,giving the ball to mom
10897,Action@MOT,showing the glass
10898,Gaze@CHI,glass
10898,Facial@MOT,neutral
10898,Utterance@MOT,Drop it in.
10898,Prosody@MOT,flat
10898,Gaze@MOT,ball
10898,Action@CHI,giving the ball to mom
10898,Action@MOT,showing the glass
10899,Gaze@CHI,glass
10899,Facial@MOT,neutral
10899,Utterance@MOT,Drop it in.
10899,Prosody@MOT,flat
10899,Gaze@MOT,ball
10899,Action@CHI,putting the ball in the glass
10899,Action@MOT,showing the glass
10900,Gaze@CHI,glass
10900,Facial@MOT,neutral
10900,Utterance@MOT,Drop it in.
10900,Prosody@MOT,flat
10900,Gaze@MOT,ball
10900,Action@CHI,putting the ball in the glass
10900,Action@MOT,showing the glass
10901,Gaze@CHI,glass
10901,Facial@MOT,neutral
10901,Gaze@MOT,ball
10901,Action@CHI,putting the ball in the glass
10901,Action@MOT,showing the glass
10902,Gaze@CHI,glass
10902,Facial@MOT,neutral
10902,Gaze@MOT,ball
10902,Action@CHI,putting the ball in the glass
10902,Action@MOT,showing the glass
10903,Gaze@CHI,glass
10903,Facial@MOT,neutral
10903,Gaze@MOT,ball
10903,Action@CHI,putting the ball in the glass
10903,Action@MOT,showing the glass
10904,Gaze@CHI,glass
10904,Facial@MOT,neutral
10904,Gaze@MOT,ball
10904,Action@CHI,putting the ball in the glass
10904,Action@MOT,showing the glass
10905,Gaze@CHI,glass
10905,Facial@MOT,neutral
10905,Gaze@MOT,ball
10905,Action@CHI,putting the ball in the glass
10905,Action@MOT,showing the glass
10906,Gaze@CHI,glass
10906,Facial@MOT,neutral
10906,Utterance@MOT,Drop it.
10906,Prosody@MOT,falling
10906,Gaze@MOT,ball
10906,Action@CHI,putting the ball in the glass
10906,Action@MOT,showing the glass
10907,Gaze@CHI,glass
10907,Facial@MOT,neutral
10907,Utterance@MOT,Drop it.
10907,Prosody@MOT,falling
10907,Gaze@MOT,ball
10907,Action@CHI,putting the ball in the glass
10907,Action@MOT,showing the glass
10908,Gaze@CHI,glass
10908,Facial@MOT,neutral
10908,Utterance@MOT,Drop it.
10908,Prosody@MOT,falling
10908,Gaze@MOT,ball
10908,Action@CHI,putting the ball in the glass
10908,Action@MOT,showing the glass
10909,Gaze@CHI,glass
10909,Facial@MOT,neutral
10909,Utterance@MOT,Drop it.
10909,Prosody@MOT,falling
10909,Gaze@MOT,ball
10909,Action@CHI,putting the ball in the glass
10909,Action@MOT,showing the glass
10910,Gaze@CHI,glass
10910,Facial@MOT,neutral
10910,Utterance@MOT,Drop it.
10910,Prosody@MOT,falling
10910,Gaze@MOT,ball
10910,Action@CHI,putting the ball in the glass
10910,Action@MOT,showing the glass
10911,Gaze@CHI,glass
10911,Facial@MOT,neutral
10911,Gaze@MOT,ball
10911,Action@CHI,putting the ball in the glass
10911,Action@MOT,showing the glass
10912,Gaze@CHI,glass
10912,Facial@MOT,neutral
10912,Gaze@MOT,ball
10912,Action@CHI,putting the ball in the glass
10912,Action@MOT,showing the glass
10913,Gaze@CHI,glass
10913,Facial@MOT,neutral
10913,Gaze@MOT,ball
10913,Action@CHI,putting the ball in the glass
10913,Action@MOT,showing the glass
10914,Gaze@CHI,glass
10914,Facial@MOT,neutral
10914,Gaze@MOT,ball
10914,Action@CHI,putting the ball in the glass
10914,Action@MOT,showing the glass
10915,Gaze@CHI,glass
10915,Facial@MOT,neutral
10915,Utterance@MOT,Drop it.
10915,Prosody@MOT,falling
10915,Gaze@MOT,ball
10915,Action@CHI,putting the ball in the glass
10915,Action@MOT,showing the glass
10916,Gaze@CHI,glass
10916,Facial@MOT,neutral
10916,Utterance@MOT,Drop it.
10916,Prosody@MOT,falling
10916,Gaze@MOT,ball
10916,Action@CHI,putting the ball in the glass
10916,Action@MOT,showing the glass
10917,Gaze@CHI,glass
10917,Facial@MOT,neutral
10917,Utterance@MOT,Drop it.
10917,Prosody@MOT,falling
10917,Gaze@MOT,ball
10917,Action@CHI,putting the ball in the glass
10917,Action@MOT,showing the glass
10918,Gaze@CHI,glass
10918,Facial@MOT,neutral
10918,Utterance@MOT,Drop it.
10918,Prosody@MOT,falling
10918,Gaze@MOT,ball
10918,Action@CHI,putting the ball in the glass
10918,Action@MOT,showing the glass
10919,Gaze@CHI,glass
10919,Facial@MOT,smile showing teeth
10919,Gaze@MOT,ball
10919,Action@CHI,putting the ball in the glass
10919,Action@MOT,showing the glass
10920,Gaze@CHI,glass
10920,Facial@MOT,smile showing teeth
10920,Gaze@MOT,child
10920,Action@CHI,putting the ball in the glass
10920,Action@MOT,showing the glass
10921,Gaze@CHI,glass
10921,Facial@MOT,smile showing teeth
10921,Utterance@MOT,Yeaaah!
10921,Prosody@MOT,flat
10921,Gaze@MOT,child
10921,Action@CHI,putting the ball in the glass
10922,Gaze@CHI,glass
10922,Facial@MOT,smile showing teeth
10922,Utterance@MOT,Yeaaah!
10922,Prosody@MOT,flat
10922,Gaze@MOT,child
10923,Gaze@CHI,glass
10923,Facial@MOT,smile showing teeth
10923,Utterance@MOT,Yeaaah!
10923,Prosody@MOT,flat
10923,Gaze@MOT,child
10924,Gaze@CHI,glass
10924,Facial@MOT,smile showing teeth
10924,Utterance@MOT,Yeaaah!
10924,Prosody@MOT,flat
10924,Gaze@MOT,child
10925,Gaze@CHI,glass
10925,Facial@MOT,smile showing teeth
10925,Utterance@MOT,Yeaaah!
10925,Prosody@MOT,flat
10925,Gaze@MOT,child
10926,Gaze@CHI,glass
10926,Facial@MOT,smile showing teeth
10926,Utterance@MOT,Yeaaah!
10926,Prosody@MOT,flat
10926,Gaze@MOT,child
10927,Gaze@CHI,glass
10927,Facial@MOT,smile showing teeth
10927,Utterance@MOT,Yeaaah!
10927,Prosody@MOT,flat
10927,Gaze@MOT,child
10928,Facial@MOT,smile showing teeth
10928,Utterance@MOT,Yeaaah!
10928,Prosody@MOT,flat
10928,Gaze@MOT,child
10929,Facial@MOT,smile showing teeth
10929,Utterance@MOT,Yeaaah!
10929,Prosody@MOT,flat
10929,Gaze@MOT,child
10930,Facial@MOT,smile showing teeth
10930,Utterance@MOT,Yeaaah!
10930,Prosody@MOT,flat
10930,Gaze@MOT,child
10930,Action@MOT,shaking the glass with the ball
10931,Facial@MOT,smile showing teeth
10931,Utterance@MOT,Yeaaah!
10931,Prosody@MOT,flat
10931,Gaze@MOT,child
10931,Action@MOT,shaking the glass with the ball
10932,Facial@MOT,smile showing teeth
10932,Utterance@MOT,Yeaaah!
10932,Prosody@MOT,flat
10932,Gaze@MOT,child
10932,Action@MOT,shaking the glass with the ball
10933,Facial@MOT,smile showing teeth
10933,Gaze@MOT,child
10933,Action@MOT,shaking the glass with the ball
10934,Facial@MOT,smile showing teeth
10934,Gaze@MOT,child
10934,Action@MOT,shaking the glass with the ball
10935,Facial@MOT,smile showing teeth
10935,Gaze@MOT,child
10935,Action@MOT,shaking the glass with the ball
10936,Facial@MOT,smile showing teeth
10936,Gaze@MOT,child
10936,Action@MOT,shaking the glass with the ball
10937,Facial@MOT,smile showing teeth
10937,Gaze@MOT,child
10937,Action@MOT,shaking the glass with the ball
10938,Facial@MOT,smile showing teeth
10938,Gaze@MOT,child
10938,Action@MOT,shaking the glass with the ball
10939,Facial@MOT,smile showing teeth
10939,Gaze@MOT,child
10939,Action@MOT,shaking the glass with the ball
10940,Facial@MOT,smile showing teeth
10940,Gaze@MOT,child
10940,Action@MOT,shaking the glass with the ball
10941,Facial@MOT,smile showing teeth
10941,Gaze@MOT,child
10941,Action@MOT,shaking the glass with the ball
10942,Facial@MOT,smile showing teeth
10942,Gaze@MOT,child
10942,Action@MOT,shaking the glass with the ball
10943,Facial@MOT,smile showing teeth
10943,Gaze@MOT,child
10943,Action@MOT,shaking the glass with the ball
10944,Facial@MOT,smile showing teeth
10944,Gaze@MOT,child
10944,Action@MOT,shaking the glass with the ball
10945,Facial@MOT,smile showing teeth
10945,Gaze@MOT,child
10945,Action@MOT,shaking the glass with the ball
10946,Facial@MOT,smile showing teeth
10946,Gaze@MOT,child
10947,Facial@MOT,smile showing teeth
10947,Gaze@MOT,child
10948,Facial@MOT,smile showing teeth
10949,Facial@MOT,neutral
10950,Facial@MOT,neutral
10950,Action@MOT,tossing the ball
10951,Facial@MOT,neutral
10951,Gaze@MOT,ball
10951,Action@MOT,tossing the ball
10952,Facial@MOT,neutral
10952,Utterance@CHI,khem
10952,Prosody@CHI,falling
10952,Gaze@MOT,ball
10952,Action@MOT,tossing the ball
10952,Arousal@CHI,middle
10953,Facial@MOT,neutral
10953,Utterance@CHI,khem
10953,Prosody@CHI,falling
10953,Gaze@MOT,ball
10953,Action@MOT,tossing the ball
10953,Arousal@CHI,middle
10954,Facial@MOT,neutral
10954,Utterance@CHI,khem
10954,Prosody@CHI,falling
10954,Gaze@MOT,ball
10954,Action@MOT,tossing the ball
10954,Arousal@CHI,middle
10955,Facial@MOT,neutral
10955,Utterance@CHI,khem
10955,Prosody@CHI,falling
10955,Gaze@MOT,ball
10955,Action@MOT,tossing the ball
10955,Arousal@CHI,middle
10956,Facial@MOT,neutral
10956,Utterance@CHI,khem
10956,Prosody@CHI,falling
10956,Gaze@MOT,ball
10956,Action@MOT,tossing the ball
10956,Arousal@CHI,middle
10957,Facial@MOT,neutral
10957,Utterance@CHI,khem
10957,Prosody@CHI,falling
10957,Gaze@MOT,ball
10957,Action@MOT,tossing the ball
10957,Arousal@CHI,middle
10958,Facial@MOT,neutral
10958,Gaze@MOT,ball
10958,Action@MOT,tossing the ball
10959,Facial@MOT,neutral
10959,Gaze@MOT,ball
10959,Action@MOT,tossing the ball
10960,Facial@MOT,neutral
10960,Gaze@MOT,ball
10960,Action@MOT,tossing the ball
10961,Facial@MOT,neutral
10961,Gaze@MOT,ball
10961,Action@MOT,tossing the ball
10962,Facial@MOT,neutral
10962,Gaze@MOT,ball
10962,Action@MOT,tossing the ball
10963,Facial@MOT,neutral
10963,Gaze@MOT,ball
10963,Action@MOT,tossing the ball
10964,Facial@MOT,neutral
10964,Gaze@MOT,ball
10965,Facial@MOT,neutral
10965,Gaze@MOT,ball
10966,Facial@MOT,neutral
10966,Gaze@MOT,ball
10967,Facial@MOT,neutral
10967,Gaze@MOT,ball
10968,Facial@MOT,neutral
10968,Gaze@MOT,ball
10968,Action@MOT,picking up the ball
10969,Facial@MOT,neutral
10969,Gaze@MOT,ball
10969,Action@MOT,picking up the ball
10970,Facial@MOT,neutral
10970,Gaze@MOT,ball
10970,Action@MOT,picking up the ball
10971,Facial@MOT,neutral
10971,Gaze@MOT,ball
10971,Action@MOT,picking up the ball
10972,Facial@MOT,neutral
10972,Gaze@MOT,ball
10972,Action@MOT,picking up the ball
10973,Facial@MOT,neutral
10973,Gaze@MOT,ball
10973,Action@MOT,picking up the ball
10974,Facial@MOT,neutral
10974,Gaze@MOT,ball
10974,Action@MOT,picking up the ball
10975,Facial@MOT,neutral
10975,Gaze@MOT,ball
10975,Action@MOT,picking up the ball
10976,Facial@MOT,neutral
10976,Gaze@MOT,ball
10976,Action@MOT,picking up the ball
10977,Facial@MOT,neutral
10977,Gaze@MOT,ball
10977,Action@MOT,picking up the ball
10978,Facial@MOT,neutral
10978,Gaze@MOT,ball
10978,Action@MOT,picking up the ball
10979,Facial@MOT,neutral
10979,Gaze@MOT,ball
10979,Action@MOT,picking up the ball
10980,Facial@MOT,neutral
10980,Gaze@MOT,ball
10980,Action@MOT,picking up the ball
10981,Facial@MOT,neutral
10981,Gaze@MOT,ball
10981,Action@MOT,picking up the ball
10982,Facial@MOT,neutral
10982,Gaze@MOT,ball
10982,Action@MOT,picking up the ball
10983,Facial@MOT,neutral
10983,Gaze@MOT,ball
10983,Action@MOT,picking up the ball
10984,Facial@MOT,neutral
10984,Gaze@MOT,ball
10984,Action@MOT,picking up the ball
10985,Facial@MOT,neutral
10985,Gaze@MOT,ball
10985,Action@MOT,picking up the ball
10986,Facial@MOT,neutral
10986,Gaze@MOT,ball
10986,Action@MOT,picking up the ball
10987,Facial@MOT,neutral
10987,Gaze@MOT,ball
10987,Action@MOT,picking up the ball
10988,Facial@MOT,neutral
10988,Gaze@MOT,ball
10988,Action@MOT,picking up the ball
10989,Facial@MOT,neutral
10989,Action@MOT,picking up the ball
10990,Facial@MOT,neutral
10990,Action@MOT,picking up the ball
10991,Facial@MOT,neutral
10992,Facial@MOT,neutral
10993,Facial@MOT,neutral
10994,Facial@MOT,neutral
10995,Facial@MOT,neutral
10996,Facial@MOT,neutral
